5 0.44277071097674825 0.5751548558693889 0.04206934087854061 0.07288068912761349
10 0.48543257778315557 0.5731550808628386 0.0420693408785406 0.07154750578991335
0 0.5304645483010295 0.5711553058562909 0.02310851118680239 0.013331833376997879
21 0.5734226780713714 0.5662669669513878 0.050957229796541915 0.0728806891276143
2 0.620232226372846 0.5644893891677876 0.03673660752773939 0.07288068912761345
3 0.422624829429278 0.6584788144756538 0.04562449644574125 0.07243629468171367
6 0.47595216293728726 0.6555902505773037 0.045624496445740806 0.07199190023581396
10 0.531649600156764 0.6527016866789528 0.044439444590007565 0.07243629468171371
7 0.60393776335651 0.6484799394429018 0.04443944459000741 0.0719919002358135
8 0.6593389376120533 0.6453691783216017 0.04384691866214075 0.07376947801941364
37 0.5402323382219142 0.6096132012044799 0.35059166625949045 0.20110626254762087
