10 0.27407407822129065 0.25556232601745793 0.045153948056743914 0.04340441620361354
1 0.3194967997783726 0.2575656067653169 0.04246621305336628 0.04340441620361351
11 0.3654570683361299 0.2595688875131758 0.03762829004728724 0.0460754572007591
0 0.39394705937193203 0.26190604838567794 0.01720150402161439 0.008680883240723298
1 0.4256623324117891 0.2612382881363919 0.03977847804998828 0.04607545720075863
8 0.4694724129668447 0.2639093291335372 0.0403160250506639 0.04607545720075905
8 0.513551267022238 0.2655787297567532 0.039240931049313386 0.04340441620361349
2 0.5729502105968833 0.26991917137711413 0.027952444035125878 0.044072176452899715
9 0.6156851971505871 0.27125469187568746 0.042466213053366106 0.04540769695147269
37 0.444207703935095 0.2629076887596082 0.43380042954515025 0.08480555165936879
