9 0.3430962343096234 0.41213389121338906 0.06359832635983263 0.18828451882845187
4 0.41338912133891215 0.4107391910739191 0.06359832635983263 0.18828451882845187
0 0.4820083682008371 0.4093444909344492 0.03347280334728079 0.048814504881450095
13 0.5517433751743375 0.40655509065550904 0.06359832635983263 0.18828451882845187
2 0.6253835425383543 0.403765690376569 0.06359832635983263 0.18828451882845187
1 0.3018131101813109 0.6276150627615061 0.06359832635983263 0.1785216178521614
4 0.3843793584379356 0.6269177126917714 0.0635983263598326 0.18270571827057172
3 0.4736401673640166 0.6283124128312413 0.06359832635983263 0.18549511854951192
5 0.5852161785216178 0.6262203626220364 0.06359832635983262 0.1841004184100418
4 0.6755927475592746 0.6213389121338913 0.06359832635983263 0.18828451882845187
37 0.4892608089260808 0.5097629009762901 0.5255230125523012 0.4895397489539748
