7 0.3312118158448489 0.359652639276741 0.06759997061457654 0.20941298961905544
7 0.40799676719933425 0.35689715935030486 0.06980432328504001 0.2094129896190557
0 0.48882303178300573 0.3610303792399613 0.03453468055762727 0.039491727488783414
22 0.5674449436962088 0.3591933926223358 0.07274346017899201 0.21584244278074183
2 0.6401885818215098 0.35873414596792985 0.058047775709234764 0.20941298961905594
1 0.2900638993295271 0.5878982265165895 0.06759997061457669 0.19747257660449716
6 0.3804423588185381 0.5906537064430258 0.06759997061457658 0.2048205230749945
3 0.4785360526541728 0.5966239129503071 0.07127389173201498 0.20941298961905594
8 0.6008776258649076 0.5947869263326818 0.07494781284945486 0.2075760030014312
4 0.6982365354770539 0.5970831596047119 0.07127389173201537 0.20298353645737027
37 0.4927733259608156 0.4734301100619566 0.5746731596920523 0.5415344824102323
