7 0.37913819705595486 0.3868167162446796 0.053345541841623205 0.1457476411030067
6 0.4362941347434084 0.38776931520613717 0.05334554184162341 0.14574764110300664
0 0.4915448745079475 0.40062940118581464 0.02514861258248079 0.028577968843726532
24 0.5506060101183159 0.3944375079363401 0.05791801685661953 0.14955803694883704
2 0.6127154624053486 0.39967680222435675 0.04191435430413257 0.15241583383320953
6 0.37189844494887736 0.5563793313841253 0.04953514599579303 0.14574764110300673
3 0.445820124357984 0.5630475241143283 0.04953514599579303 0.14574764110300673
5 0.5205038829362567 0.5668579199601586 0.04953514599579303 0.14574764110300673
6 0.603570512375356 0.5716209147674465 0.055631779349121585 0.14765283902592166
37 0.4926879932616963 0.481124013428978 0.42371601805632325 0.406759756542378
