7 0.30441252412337805 0.382945163545524 0.05868009602578579 0.17432560994673338
8 0.3680461347487432 0.3819925645840662 0.062490491871615574 0.17623080786964856
0 0.43472806205077263 0.3810399656226089 0.029721087597476766 0.039056557419759545
11 0.5002668705990525 0.38151626510333764 0.05868009602578579 0.17908860475402125
22 0.5677108770702478 0.3796110671804225 0.06249049187161586 0.1771834068311061
1 0.26630856566507566 0.5844198438937978 0.058680096025785805 0.1714678130623607
1 0.3455647992583446 0.5853724428552554 0.058680096025785805 0.1714678130623607
8 0.42482103285161366 0.5853724428552554 0.058680096025785805 0.1714678130623607
9 0.5322741957040266 0.5853724428552554 0.058680096025785805 0.1714678130623607
8 0.6176270626506241 0.5834672449323404 0.058680096025785805 0.1714678130623607
37 0.4389194974811852 0.48058655709492376 0.4968756182962629 0.4667734911142044
