6 0.3340043648312417 0.4688255421043835 0.056704731296850136 0.08456826305478478
2 0.3861466464835177 0.4666257895971782 0.046276274966394804 0.08212409360233427
0 0.4402442636977542 0.46247070152801245 0.030633590470712808 0.018086853948132822
21 0.49206065608970306 0.45709352873262143 0.05344583869358297 0.08456826305478478
6 0.5464841625642659 0.45513819317066107 0.056704731296850136 0.08456826305478478
10 0.3535577204508452 0.5604818965712749 0.05279406017292976 0.07723575469743357
6 0.4213426865988037 0.5548603068306388 0.05670473129685012 0.08261292749282441
6 0.4910829883087229 0.5504608018162283 0.056704731296850136 0.08065759193086436
10 0.5621268470599485 0.5470389645827977 0.05670473129685012 0.08065759193086423
37 0.45165038780918904 0.5054880838911398 0.4067097968877521 0.23024076242083083
