4 0.38562329946969115 0.2530554108357195 0.025766715734859957 0.03476768240086052
1 0.4133891569426008 0.2563666186834207 0.025322462015293312 0.03587141835009412
11 0.4424877755742097 0.25981579352477574 0.023101193417460704 0.03614735233740259
0 0.46292344667427165 0.26133343045497315 0.011550596708731492 0.0077261516446335
1 0.4846918789330321 0.2636788693470936 0.025766715734859957 0.03559548436278579
5 0.5140126244244244 0.26671414320748627 0.025766715734859953 0.03725108828663633
10 0.54422187735495 0.26961145007422455 0.025766715734859957 0.03476768240086052
3 0.5828719509572401 0.2722328229536546 0.02843223805225907 0.03669922031201933
7 0.615080345625815 0.275130129820393 0.026210969454426504 0.034767682400860506
37 0.5020177739961276 0.26340293535978515 0.28787641027912514 0.07864118638289884
