7 0.38908409229274116 0.509025160710589 0.03810395845830249 0.11621707329782234
10 0.4340467632735379 0.5109303586335041 0.03810395845830249 0.11621707329782234
0 0.4759611175776709 0.5161696529215201 0.02133821673664988 0.027625369882270552
16 0.5193996302201352 0.5137881555178765 0.04267643347329869 0.11621707329782231
2 0.5670295782930134 0.5195037492866219 0.03276940427414 0.11621707329782231
1 0.36164924220276334 0.640960116872461 0.03810395845830249 0.10573848472178905
3 0.4149947840443868 0.6442942132375623 0.03810395845830249 0.11050147952907688
4 0.4691024050551761 0.647152010121935 0.03810395845830249 0.10478588576033147
5 0.5392136886184528 0.6485809085641211 0.03810395845830249 0.10764368264470389
2 0.594464428382991 0.6509624059677652 0.0342935626124719 0.11621707329782231
37 0.4771042363314196 0.5818989812620924 0.3360769136022272 0.3076894645507918
