4 0.27313326204236393 0.42274631748636343 0.03762829004728684 0.03611975893867172
1 0.3132049475472668 0.42107691686314763 0.03469621549814756 0.03703034109678943
11 0.3537653121436932 0.4184969340818139 0.03371885731510144 0.03611975893867173
0 0.3806426621774701 0.41682753345859824 0.015149051837221207 0.007891712037020247
1 0.4104520867603852 0.4145510780633035 0.033718857315101505 0.03611975893867173
5 0.4473473581703872 0.41090874943083233 0.0332301782235779 0.03611975893867172
2 0.485219987763436 0.40787347557043996 0.02687735003377731 0.036119758938671746
9 0.5296897850920474 0.40332056477985084 0.03762829004728684 0.03611975893867172
1 0.5680510937766193 0.40028529091945836 0.03420753640662431 0.03611975893867173
37 0.41586301732600234 0.4089780222908485 0.37985221255735446 0.09089886393410693
