7 0.4224030935778976 0.5611832594581719 0.029036733095111143 0.08872335112395086
6 0.4558759942292061 0.5609144008184024 0.029036733095111143 0.09141193752164638
0 0.48652587916293427 0.5609144008184036 0.016131518386171696 0.021508691181561804
14 0.5179823400159718 0.5601078248990937 0.029036733095111143 0.08872335112395086
2 0.5530683925058978 0.5606455421786327 0.029036733095111143 0.08872335112395086
1 0.40143211967587283 0.6644249771296782 0.029036733095111143 0.08872335112395086
3 0.4425674915606136 0.6649626944092174 0.029036733095111143 0.08872335112395086
10 0.4826946435462184 0.665231553048987 0.030246596974074197 0.08926106840348993
8 0.5337105704424903 0.6655004116887562 0.029036733095111143 0.08872335112395086
3 0.5756525182465397 0.6660381289682955 0.029036733095111143 0.08872335112395086
37 0.4867275231427619 0.6119975423746165 0.2423760637522471 0.24089734123351478
