7 0.27254799753908576 0.4525674473582812 0.05542393957571253 0.1448580238910669
6 0.3317508420858695 0.4521738114237944 0.055423939575712504 0.14721983949798653
0 0.3878045991567581 0.46437652539287533 0.025192699807136797 0.025192699807148996
24 0.4463776262083657 0.4568974426376332 0.05416430458535528 0.14721983949798653
3 0.505580470755149 0.45886562231006633 0.055423939575712435 0.14800711136696007
5 0.27727162875292444 0.6143518164322707 0.04975558211910487 0.1361980333323601
5 0.35033045819363656 0.6171072679736768 0.04975558211910485 0.14013439267722602
8 0.4255936488674738 0.617894539842651 0.05542393957571253 0.1448580238910669
5 0.5024313832792571 0.621830899187517 0.05542393957571253 0.1448580238910669
37 0.3896940516422964 0.5336564498625197 0.41945845178891544 0.3826141283209701
