8 0.17585547995939826 0.37028062909071524 0.026305706790069192 0.04583263529192801
3 0.21005289878648806 0.3657277183001257 0.03399506723639713 0.045832635291928006
0 0.2383821214834859 0.35965717057934043 0.014569314529884985 0.010016403739296726
16 0.2634737187293976 0.35328309547251635 0.030757441785311652 0.045832635291928006
2 0.29443351210540214 0.3473643114447509 0.026305706790069182 0.04310088881757434
4 0.17383196405247003 0.42233557579644776 0.030352738603926125 0.043100888817574116
1 0.20985054719579524 0.41596150068962345 0.03197155132946862 0.04188677927341736
1 0.24607148192981348 0.4088286071177008 0.030757441785311642 0.04158325188737786
10 0.292207644607781 0.39850867599236617 0.03156684814808302 0.0415832518873784
6 0.32761917297902793 0.39213460088554114 0.034399770417782374 0.04583263529192798
37 0.24627383352050622 0.38424288884852076 0.23432314202230778 0.14599667268488253
