3 0.37687689938781443 0.4138543073737051 0.034403008043233714 0.04206889570504124
10 0.41396764243442574 0.4128526669997757 0.034403008043233714 0.04206889570504124
18 0.45052083848036156 0.4128526669997756 0.034403008043233714 0.04206889570504124
0 0.48035469701785205 0.41218490675048847 0.015588863019587916 0.006677602492864723
2 0.509919782055007 0.41084938625191414 0.02203942702769569 0.04206889570504114
8 0.5435164695972279 0.41018162600263025 0.034403008043233714 0.04206889570504124
1 0.5800696656431638 0.4095138657533437 0.034403008043233714 0.04206889570504124
6 0.6279113487032856 0.4085122253794141 0.034403008043233714 0.04206889570504124
5 0.6612392627451675 0.4065089446315544 0.031177726039178778 0.04273665595432629
37 0.5195956280671656 0.40968080581566485 0.35961894345192713 0.0671099050532791
