3 0.19781812138324015 0.3131386300812142 0.049346314743302686 0.04678140331990127
10 0.246298711306485 0.3152894991993706 0.045883415463070974 0.04678140331990127
14 0.2939135764096719 0.31555835783914016 0.04761486510318679 0.047319120599440365
0 0.331139743672164 0.3185158028766058 0.018180221221217874 0.009141193752163464
1 0.3683659109346551 0.3190535201561443 0.04588341546307117 0.04678140331990127
6 0.4164136384478711 0.31959123743568346 0.043286241002897505 0.04678140331990127
7 0.4644613659610868 0.32120438927430073 0.04588341546307104 0.04678140331990127
9 0.5285250026453745 0.32496841023107437 0.04588341546307121 0.04678140331990127
6 0.5804684918488513 0.3265815620696916 0.04934631474330268 0.04678140331990127
37 0.3839489576956981 0.31932237879591396 0.478745825492043 0.0838838956080989
