7 0.12184022424417278 0.39027702374031636 0.008361204076358326 0.02438684522271176
1 0.13054981182371247 0.38748995571486367 0.008361204076358326 0.02438684522271176
0 0.13786586539052595 0.3842383763518364 0.004877369044542837 0.00627090305726769
13 0.14535611070892981 0.3812190526575952 0.008361204076358325 0.02345782254756108
3 0.15406569828846955 0.3786642403009302 0.00940635458590307 0.025780379235438147
10 0.11818219746076614 0.4209347720202959 0.008361204076358326 0.02438684522271176
3 0.12845951080462292 0.41733480915408633 0.008361204076358326 0.025083612229075035
6 0.13856263239688893 0.4126896957783318 0.008361204076358326 0.02461910089149948
2 0.15188830139358467 0.4074639432306079 0.00714186181522284 0.02438684522271176
10 0.1622527106132368 0.4042123638675798 0.008361204076358326 0.02438684522271176
37 0.1389110159000706 0.39817371647909977 0.06445094808859393 0.08477331910752182
7 0.35654285480784914 0.3504234317365949 0.010112901362760378 0.02506413200495883
1 0.3667747314807596 0.3470921230523907 0.009874950742460187 0.02506413200495876
0 0.37462710195066784 0.3432849131275871 0.005591839577055878 0.006345349874673745
28 0.3824794724205756 0.3395570200762172 0.010112901362760374 0.027126370714227677
2 0.3925923737833359 0.33456005704991193 0.009637000122159832 0.025064132004958824
8 0.3617777684544544 0.3773911687039555 0.009637000122159834 0.025064132004958817
9 0.37545992912171855 0.3737425925260188 0.010826753223661107 0.025381399498692406
2 0.3875954107570309 0.36803177763881295 0.010112901362760378 0.02506413200495883
4 0.3987196022560674 0.36382798334684163 0.011421629774411867 0.02522276575182518
37 0.37801789828994603 0.3568480984847012 0.07543034663517695 0.08740719452362217
0 0.5569858228085729 0.3638184845085237 0.004164135855251913 0.004600378659137986
15 0.5655520451393827 0.3612803445586544 0.01058880260336109 0.025857300739292752
2 0.574891606986167 0.35850425398848496 0.007852370469907869 0.025064132004958595
1 0.5365815571178276 0.4008594644019279 0.009042123571407885 0.023795062030023354
3 0.5478247239270141 0.3980040569583252 0.010112901362758971 0.024746864511224546
9 0.5591868660463513 0.3935623120460541 0.009280074191709217 0.024429597017491225
4 0.5737613415397405 0.3896757852478169 0.009399049501858249 0.023953695776890768
1 0.5854209219344524 0.38626515969017994 0.009399049501859552 0.024746864511224865
8 0.5368195077381284 0.3688154475348289 0.008566222330808494 0.025698666992425935
9 0.547289335031339 0.36683252569899366 0.009755975432310044 0.024588230764358055
37 0.5595437919768009 0.37849210609370554 0.07447854415397416 0.08217228087701717
8 0.4304461856449685 0.18259751636444116 0.004388133835193387 0.015385555669072938
3 0.43645955423393756 0.18173072449576122 0.005525798162836921 0.015385555669073254
0 0.441294627626419 0.1805388856763262 0.003006684294484894 0.0032504695075498595
16 0.44576402319930125 0.17891365092255074 0.005282012949770484 0.016035649570583375
2 0.45108666701791483 0.17739676515236014 0.004388133835193387 0.015385555669072938
9 0.4356063059882054 0.19884986390219453 0.005444536425147933 0.014518763800393204
3 0.44210724500330656 0.19771219957455174 0.005444536425148011 0.015493904652658225
7 0.4498677409525839 0.19500347498492615 0.005363274687459323 0.014843810751148118
10 0.4561655256234632 0.19343241472294326 0.0051194894743931 0.015168857701903042
37 0.44417941931437 0.18731069715039012 0.03559264110767983 0.04583162005646421
8 0.7040463518503804 0.16578560683689714 0.005899602156204509 0.017639214527641355
8 0.7102141177409582 0.1635211130799702 0.005899602156204511 0.016924111235980213
0 0.7166053534101796 0.16161417096887376 0.002949801078103207 0.004290619749966911
13 0.7217004643632654 0.15946886109389038 0.006167765890576949 0.015732272416545044
2 0.7276000665194705 0.15720436733696352 0.005810214244748641 0.01597064018043203
10 0.7045826793191269 0.1849146198888325 0.00643592962495134 0.015613088534601416
7 0.7115549364128231 0.18199461478121623 0.006435929624951091 0.015493904652657865
8 0.7178120902148575 0.17925338549651518 0.005542050510373939 0.017639214527641348
5 0.7280917000324876 0.17561827709723768 0.005899602156204512 0.01561308853460137
3 0.7350192631704541 0.1732941913993391 0.00688286918223955 0.01620900794431908
37 0.7183037237278745 0.16953989911811806 0.046571101869432 0.05375193075652875
4 0.9735550333348134 0.14272905289156698 0.0068140404904151975 0.014853887206621121
7 0.9804231535116612 0.14013322794283703 0.00670588111755145 0.01485388720662112
0 0.9866423174513256 0.1385468904741685 0.003569259304500812 0.003605312428791879
12 0.9927533220181275 0.1364558092654695 0.006922199863279722 0.015574949692379582
7 0.973014236470494 0.1602508712954939 0.006814040490415193 0.013555974732256181
1 0.9808017113166844 0.15815979008679487 0.0068140404904151975 0.014853887206621121
8 0.9878320705528277 0.15541975264091323 0.006597721744687701 0.01600758718383449
37 0.9811802691217079 0.14631032985832262 0.03763946175658368 0.04682099065021828
8 0.8209641429262439 0.04881685270181157 0.0035445102337045855 0.008395624239833525
7 0.8255303061096627 0.04728784828727234 0.004170012039651391 0.00811762343718998
0 0.8287203653199963 0.04589784427405485 0.0017097049362547964 0.0018904054579758141
14 0.8315976736273573 0.044591240501630415 0.003878111196877237 0.008395624239833555
2 0.8351421838610616 0.04306223608709121 0.0031275090297402546 0.007784022474017867
6 0.821944095755562 0.05815767967063299 0.004336812521239306 0.008395624239833581
7 0.8262183580962054 0.0564340746942433 0.00412831191925729 0.008062023276661345
6 0.8304926204368475 0.054654869557324924 0.004253412280446107 0.008951625845120586
10 0.8357051354864149 0.052486463296705706 0.0042534122804470135 0.007839622634546538
7 0.839895997586265 0.05090185872163776 0.0041283119192583526 0.00756162183190311
37 0.829929668811496 0.05006785631370726 0.029231784397960755 0.030135287006554747
8 0.743331949154119 0.0576213792485242 0.003302649535406865 0.008868225604327653
2 0.7474602610733758 0.056306435452020506 0.0033943898002809793 0.007950822955604207
0 0.7507629106087816 0.054960911567226066 0.0019265455623258376 0.0023240867100995668
22 0.7539508848130957 0.05392118856533936 0.004174182051697405 0.008073143308767369
2 0.7576204954079897 0.05211696335618307 0.0032567794029685236 0.007400381366369973
1 0.744364027133934 0.0672235269718306 0.0038989612570789227 0.008256623838512125
10 0.7483088585234451 0.06548046193925589 0.003807220992206653 0.008073143308767386
6 0.7523454301778291 0.06376797699497191 0.004082441786824551 0.008807065427746149
10 0.7572535343485002 0.06199433187410648 0.0038989612570788424 0.007950822955604179
2 0.7611754306717926 0.06012894648836855 0.00330264953540687 0.008378944191675085
37 0.7517720535223746 0.05918096375135412 0.02862296264017429 0.02960152546547944
