8 0.20968944410932736 0.41371544807875943 0.017664679224528017 0.050216572386708916
9 0.22835401083713042 0.40927150361975856 0.017664679224528006 0.04488383903590813
0 0.24485215464117085 0.4052719536066576 0.009332283363901097 0.011109861147502453
17 0.26135029844521146 0.40060581192470684 0.019664454231078408 0.045328233481808325
2 0.27851503391810184 0.39593967024275606 0.013998425045852449 0.04399505014410812
6 0.2068564295167143 0.4661539926949683 0.0186645667278031 0.046661416819507674
10 0.2280207150027053 0.46104345656711765 0.017664679224528003 0.04443944459000757
9 0.24968494424033424 0.4550441315474666 0.017664679224528003 0.04310626125230734
7 0.27568201932548886 0.4488226093048654 0.01766467922452802 0.044883839035907445
5 0.297679544397543 0.44237888983931417 0.017664679224528083 0.0444394445900075
37 0.2478518171509966 0.43015804257706214 0.13465151710772377 0.1435394060257252
8 0.6239375182433959 0.4166474575968813 0.01411402345082573 0.04279736143153499
1 0.6397588832406922 0.4137639474295082 0.014796960069414061 0.04006561495718188
0 0.6533037928426932 0.4120945468062917 0.007284657264941181 0.008802294195139473
16 0.6653690064377542 0.40845221817382127 0.015024605608943609 0.042190306659456674
2 0.6798244981978746 0.40587223539248746 0.012520504674119628 0.04067266972926067
2 0.6235960499341017 0.4647565482841036 0.013431086832237295 0.04127972450133842
5 0.6416938703266925 0.46035540118653456 0.01411402345082573 0.04279736143153499
6 0.6572875897844592 0.45747189101916136 0.016618124385649306 0.04067266972925973
2 0.6790277388095213 0.4526154528425333 0.012748150213648966 0.04127972450133829
10 0.6956458631951706 0.44942841528912103 0.015024605608943293 0.03976208757114192
37 0.6556940710077532 0.43470733706621756 0.11268454206707464 0.12323211873193879
