7 0.5394895922679307 0.4374169170825812 0.018331270893378146 0.06665916688501178
7 0.5594873423334339 0.4387501004202814 0.017664679224528173 0.06577037799321173
0 0.5786518528128731 0.4400832837579804 0.01199865003929872 0.011554255593404282
32 0.5979830112095282 0.44030548098093136 0.017331383390102734 0.06443719465551158
11 0.6158143383512684 0.44163866431863136 0.01699808755567789 0.06265961687191067
1 0.5274909422286281 0.5125195784396941 0.019664454231078227 0.06488158910141115
8 0.5511549464728074 0.5129639728855941 0.019664454231077995 0.06665916688501179
8 0.5734857673792864 0.5125195784396941 0.020331045899928485 0.06488158910141134
5 0.600816025802141 0.5122973812167442 0.016998087555677225 0.06265961687191067
7 0.6221469592053437 0.5109641978790435 0.017664679224527965 0.06177082798010987
37 0.5744856548825604 0.4731906699775369 0.14365050463720058 0.17375822834693
