6 0.40766354392659465 0.49392075322996964 0.03917526795813359 0.05542410069076817
3 0.4463936383852038 0.4895803116096078 0.037394573960036794 0.05542410069076815
0 0.48178493159737884 0.4839043494906724 0.019142460479537004 0.01135192423787107
23 0.5149503573119374 0.47872920755870463 0.03917526795813357 0.05776126156327062
10 0.5532352782710217 0.4738879457513779 0.03650422696098764 0.05542410069076828
8 0.41923805491422433 0.556523276600566 0.03561387996193948 0.05909678206184338
10 0.4737718086059451 0.5503464942946676 0.04051078845670637 0.055424100690768
10 0.5216279598048013 0.5431680716148392 0.0400656149571822 0.056425741064697575
4 0.5685937640046097 0.5359896489350104 0.04140113545575473 0.05609186094005435
37 0.48757441295869514 0.5149552010824902 0.2838737854416255 0.17452581875348427
