2 0.3561783374046153 0.3199058447383855 0.023424287031691193 0.04640707968368822
9 0.39434377058555986 0.32116009013524205 0.031097760369658844 0.04640707968368825
11 0.4314995362220351 0.3219126373733559 0.031097760369658844 0.04640707968368825
0 0.45916442694049786 0.3230414582305264 0.017770148782662826 0.008027170539881784
1 0.48723318467674803 0.32429570362738297 0.032713228440810094 0.04615623060431671
8 0.5241870168043292 0.3249228263258114 0.0339248294941731 0.04640707968368824
9 0.5595253808607594 0.3249228263258114 0.03271322844081002 0.04640707968368824
3 0.6081913565041862 0.3254245244845538 0.036348031600899285 0.04640707968368822
7 0.6473664572296002 0.32617707172266763 0.0355402975653241 0.04640707968368822
37 0.501166596790426 0.32354315638926934 0.3659035181157232 0.0742513274939013
