4 0.20637488162260686 0.37491474560447 0.03924093104931335 0.038062334209322916
1 0.2445407186705692 0.3792551872248308 0.0360156490452602 0.03806233420932288
17 0.2827065557185316 0.3852650294684085 0.038165837047962316 0.039397854707895565
0 0.3136155082573733 0.3894385310264473 0.016126410020263108 0.007679242866795544
1 0.3429118197941908 0.39227651208591524 0.038165837047962226 0.0380623342093229
4 0.38295907134451745 0.3976185940802059 0.03655319604593545 0.03873009445860922
10 0.422200002393831 0.40195903570056735 0.03655319604593584 0.038062334209322896
2 0.4778361169637477 0.408302758068786 0.02526470903174885 0.03806233420932283
7 0.5176145950137371 0.4113076791905767 0.03709074304661136 0.0380623342093229
37 0.35823190931344356 0.39227651208591596 0.38810893448773065 0.09949627714366904
