7 0.4073333709496644 0.601317565544471 0.0245600278634647 0.0673830797007151
3 0.43303043714014167 0.601317565544471 0.0245600278634647 0.0673830797007151
0 0.45656713050929404 0.5985858190701179 0.012052606266326833 0.012748150213648241
17 0.480786046874657 0.5988893464561569 0.0245600278634647 0.0673830797007151
2 0.5060282977343293 0.5976752369119993 0.01773779790139138 0.06738307970071504
6 0.3941437263563216 0.6759853025101284 0.025469658525074337 0.0661689701565579
2 0.42529857651645797 0.674771192965971 0.018192613232195644 0.0673830797007151
10 0.45577120368038676 0.6746194292729522 0.02410521253265943 0.06343722368220506
6 0.4943168029661028 0.6721912101846381 0.023422989536452114 0.06525838799844019
9 0.5255853569589402 0.6723429738776577 0.02319558187105029 0.06495486061240106
37 0.4568105704151088 0.6344700407572109 0.18372651880895463 0.17371782885186648
