7 0.3568012850969226 0.560368949960419 0.04652063070028396 0.0697809460504258
1 0.40479098834563637 0.5570635367264516 0.04652063070028396 0.0697809460504258
0 0.4481286285243216 0.5528399531497151 0.022525779075926927 0.014323457347193078
12 0.49195595955248367 0.5504527102585165 0.04750001239923729 0.0697809460504258
7 0.5401905082259358 0.5460454926132263 0.047010321549760585 0.07051548232464078
9 0.34211055961262254 0.6409843060555158 0.04652063070028396 0.06867914163910319
10 0.3981801618777014 0.6376788928215483 0.04896908494766747 0.06721006909067308
10 0.4562085275406869 0.6341898455190271 0.048479394098190756 0.06757733722778071
6 0.5284379278384957 0.6283135553253072 0.04994846664662076 0.0697809460504258
8 0.5840178392540979 0.6246408739542322 0.04652063070028396 0.0697809460504258
37 0.45657579567779466 0.5914581977665684 0.3625181358675803 0.1999775006550341
