7 0.42371724586447274 0.5884244355686707 0.03593295720520005 0.09286377417640136
10 0.4609810533365319 0.5887201800724171 0.03504572369396053 0.09463824119888033
0 0.4971358189195411 0.5872414575536842 0.015082969691070211 0.02070211526225591
13 0.5328469677469323 0.5872414575536847 0.035932957205200046 0.09404675219138743
2 0.57121981710804 0.5860584795386979 0.02927870587090358 0.09759568623634524
2 0.40907789292902086 0.6972584129473836 0.03593295720520005 0.09286377417640136
9 0.45122148471289747 0.6960754349323977 0.03593295720520005 0.09286377417640136
10 0.4969140105417322 0.6984413909623697 0.03593295720520005 0.09286377417640136
2 0.5554714222835393 0.6990328799698616 0.02883508911528356 0.09286377417640121
6 0.6024947983792337 0.6984413909623697 0.03593295720520005 0.09286377417640136
37 0.4975794356751618 0.6425456797542816 0.2874636576416002 0.253157295207006
