7 0.3534930898947636 0.3411943704830735 0.0740458983136806 0.21808038544440222
6 0.43362495245340427 0.3424622797007735 0.0740458983136806 0.21808038544440222
0 0.5142639786991257 0.34056041587422414 0.04057309496640134 0.05198427792569959
16 0.595917332319006 0.3373906428299735 0.0740458983136806 0.21808038544440222
2 0.6775706859388871 0.3399264612653733 0.0608596424496004 0.2180803854444022
1 0.30581970330924285 0.5852668948903259 0.0740458983136806 0.20666920248510215
4 0.4011664764802838 0.5884366679345759 0.07404589831368058 0.2104729301382024
10 0.5015848865221249 0.589704577152276 0.07404589831368058 0.21047293013820226
6 0.6314187904146066 0.589704577152276 0.0740458983136806 0.21808038544440222
3 0.7298085457081271 0.5954101686319261 0.07404589831368055 0.20413338404970258
37 0.5193356155699257 0.46608342842652434 0.5984531507544066 0.5566121465703048
