7 0.3803198102550091 0.42786272069914105 0.05416430458535542 0.15587983005669143
10 0.4407822897921501 0.4270754488301678 0.05416430458535542 0.15587983005669143
0 0.5015596780768764 0.43376725971643704 0.025822517302312966 0.029129059152013248
21 0.5610774313712533 0.4247136332232482 0.05416430458535542 0.15587983005669143
3 0.6227995458987512 0.42392636135427486 0.05416430458535542 0.15587983005669143
8 0.38283908023572183 0.5975198084628618 0.0541643045853552 0.150368926973878
7 0.46534517210411197 0.5987007162663222 0.054164304585355226 0.1480071113669581
4 0.5447021764966103 0.5994879881352959 0.05416430458535533 0.14958165510490518
4 0.6227995458987505 0.5983070803318362 0.05416430458535535 0.15036892697387855
37 0.5034491305624148 0.5089517232033789 0.43646352415873513 0.4062322843901647
