7 0.3478889617313852 0.49225499760304986 0.036551765404701085 0.10033817954231687
8 0.3908910386780925 0.49404675080916255 0.03655176540470106 0.10392168595454267
0 0.4364015701133568 0.4985261338244439 0.021501038473352194 0.0197092852672421
21 0.4811954002661777 0.49718231891986003 0.03655176540470105 0.10660931576371178
7 0.5274226329838876 0.49986994872902923 0.03726846668714609 0.10840106896982435
3 0.3557726758382816 0.613198339015664 0.036551765404701085 0.10033817954231687
1 0.41167537586900105 0.6176777220309458 0.03655176540470105 0.09496291992397798
4 0.470444881029501 0.6203653518401151 0.03655176540470107 0.09675467313009105
3 0.5292143861900006 0.6221571050462278 0.03655176540470107 0.09675467313009113
37 0.43675992075458 0.5518307917063002 0.3260990835125293 0.28936814278721734
