7 0.5306200120508308 0.436252496035007 0.024930528414994366 0.07723575469743353
3 0.5555505404658251 0.42989765545863584 0.024930528414994366 0.07723575469743353
0 0.5768148147021437 0.4198765607035893 0.010998762536026475 0.013198515043231667
26 0.5949627728865885 0.413766137072463 0.0208976488184515 0.0772357546974335
2 0.6176935487943775 0.4039894592626613 0.017231394639775615 0.07332508357351283
7 0.5276870087078903 0.5301086030091037 0.027130280922199507 0.07528041913547327
3 0.5572003548462294 0.5193542574183216 0.026030404668596983 0.0772357546974335
5 0.5852471993130977 0.5059113254298441 0.020531023400583426 0.07381391746400259
10 0.6160437344139735 0.4917351426056321 0.021997525072054196 0.06990324634008278
10 0.6402410119932327 0.48122521396009504 0.021264274236318714 0.069414412449592
37 0.5738818113592036 0.46680461419063746 0.17817995308363663 0.24783878247847393
