6 0.25491267251325744 0.6670734466101375 0.06190760548024788 0.07571059295910482
2 0.3160832826901693 0.6652989795876587 0.03979774638015973 0.07571059295910483
11 0.38609783650711604 0.6641160015726727 0.06190760548024788 0.07571059295910482
0 0.4347395265273111 0.6647074905801676 0.022109859100089252 0.014195736179828505
1 0.482275723592501 0.6620457900464473 0.05527464775022131 0.07275314792163992
1 0.5452888220277536 0.6590883450089823 0.053063661840212745 0.07393612593662585
6 0.608670418114674 0.6564266444752637 0.056011643053557957 0.07571059295910496
4 0.6871604179199884 0.654652177452785 0.0538006571435491 0.07334463692913394
1 0.7483310280968999 0.6516947324153196 0.053800657143548765 0.07571059295910483
37 0.4988581179175678 0.6579053669939963 0.6087581205557712 0.12717013661099666
