7 0.3079497907949791 0.39400278940027866 0.06694560669456065 0.1938633193863318
6 0.3815899581589956 0.39191073919107355 0.07140864714086469 0.1896792189679217
0 0.45746164574616494 0.3988842398884235 0.037935843793585056 0.0418410041841006
28 0.5311018131101812 0.38702928870292835 0.07364016736401657 0.19386331938633178
3 0.6103207810320783 0.38563458856345845 0.07140864714086456 0.19386331938633178
3 0.32580195258019495 0.6032078103207806 0.0736401673640167 0.17154811715481158
6 0.4184100418410045 0.5983263598326356 0.06917712691771277 0.17294281729428146
3 0.5154811715481172 0.5990237099023707 0.06694560669456065 0.17991631799163157
1 0.6125523012552302 0.5934449093444908 0.06694560669456069 0.179916317991632
37 0.46025104602510475 0.4846582984658301 0.5389121338912136 0.48675034867503536
