7 0.380761863773795 0.4426939339491797 0.031718598026812296 0.09824632414458812
6 0.41736024611242456 0.44464584767390664 0.031718598026812296 0.09824632414458812
0 0.45542256374459816 0.45180286466457203 0.01610328822899417 0.01626594770605729
18 0.4925089245144109 0.4478990372151182 0.031718598026812296 0.09824632414458812
7 0.5305712421465857 0.44985095093984495 0.031718598026812296 0.09824632414458812
10 0.3829577667141124 0.550699826717402 0.03415849018272107 0.09043866924568006
2 0.43175560983228534 0.5539530162586138 0.026350835283812726 0.0917399450621649
6 0.4803094637348673 0.5549289731209774 0.03171859802681228 0.09239058297040724
5 0.5276433715594947 0.5575315247539465 0.03171859802681226 0.09239058297040739
37 0.456398520606962 0.49572092347092783 0.26985207244349546 0.2537487842144993
