6 0.18539544361718627 0.6699675460782629 0.01710255996001923 0.03687481466757943
10 0.20127639215148982 0.6634454700146084 0.014659337108587895 0.03687481466757937
0 0.21358647651831641 0.6593064602049826 0.006953788115611337 0.007525472381139739
34 0.2259905309948138 0.6530352332206995 0.016726679521337537 0.03662396558820813
2 0.18595926427520879 0.7146186822063517 0.015599038205292187 0.03687481466757939
1 0.2036256448932506 0.7063406625870995 0.016350799082655472 0.035369720191351435
10 0.2203523244145881 0.699191463825018 0.016726679521337304 0.03511887111198005
8 0.23858252569065208 0.688655802491422 0.013719636011883167 0.034115474794495136
10 0.25643684652803517 0.6828862736658841 0.015974918643973476 0.033613776635751866
37 0.21593572926007773 0.680377782872171 0.11314001204320409 0.1294381249555832
37 0.6824199859073724 0.5613361628523709 0.06634289742732762 0.07475302565264386
37 0.797533370253657 0.5533089923124925 0.059013228873035686 0.0652207606365299
