8 0.33418368771707413 0.4749772406008853 0.015728237276580244 0.04994405170282392
3 0.35487873676520665 0.4704243298102985 0.020281148067167833 0.04856438176628141
0 0.37022129358225425 0.4632500461402811 0.0078076775954362635 0.00993362354309718
12 0.38509350837547884 0.45883510234334507 0.01862554414331963 0.04580504189319959
2 0.40195997334970585 0.4524886206352515 0.01469348482417556 0.045253173918576764
1 0.33646014311236977 0.531819641986421 0.01903944512428327 0.044425371956659084
6 0.35663781593429833 0.5228517873988987 0.020074197576690742 0.04580504189320274
1 0.37764329071815117 0.5162293717034956 0.018625544143320998 0.04414943796935063
4 0.4023738743306696 0.5051794697571915 0.018004692671875724 0.041916881162943634
6 0.4202047285905391 0.49746586056652253 0.016829213885940233 0.045253173918578776
37 0.37210266167753475 0.490241657929707 0.13357713476520983 0.15326878749585932
7 0.6580999875904943 0.4428295206890464 0.01324483139080322 0.035319550375477266
1 0.6725865219241869 0.4344135340761403 0.012830930409842059 0.03669922031201842
0 0.6828305712030123 0.4301365572728601 0.005173762262034814 0.007726151644633916
16 0.69203986802943 0.42268633961553237 0.012830930409841205 0.03918262619779485
3 0.7063194518726403 0.41716765986936394 0.015314336295615698 0.03587141835009417
1 0.6626528983810833 0.48615115669646813 0.015314336295617216 0.03531955037547731
4 0.6778637594314594 0.4785629720454868 0.014693484824172811 0.035043616388169
8 0.6914190165579854 0.46987105144527164 0.012417029428878077 0.03752702227394495
4 0.7094237092298602 0.45883369195293466 0.014900435314654506 0.03421581442624392
2 0.7240137188087921 0.44972787037175693 0.013451781881284436 0.035319550375477266
37 0.6873834819935998 0.4491760023971404 0.1098907104455778 0.14458940934961143
9 0.8689291071024451 0.34351980251231157 0.008198298236401901 0.028081527292503086
0 0.8836295039401313 0.3356042042150941 0.003957799148607631 0.005842465409852537
12 0.8902729525110091 0.3318348716926122 0.008198298236401901 0.028081527292503086
4 0.898259225793021 0.3267462727872589 0.007208848449249549 0.02695072753575769
1 0.8682223572544795 0.37895152822365785 0.0081982982364019 0.027327660788006268
2 0.8778341551868128 0.37254366293543567 0.007067498479656797 0.028081527292503086
4 0.8867392032711805 0.36764353065620703 0.0081982982364019 0.02770459404025472
7 0.8976231509298519 0.3608587321157362 0.007915598297215493 0.027327660788006122
4 0.9058214491662541 0.35614706646263145 0.007350198418843327 0.028081527292503065
7 0.8771274053388473 0.33899660348533095 0.007915598297215496 0.02808152729250308
37 0.884194903818504 0.35181233406177514 0.060215087046676635 0.10120657822868644
