9 0.5517598256801687 0.6991340662943921 0.028963408011537694 0.08652359861674526
4 0.5858559895418524 0.6981563985134119 0.028963408011537694 0.08652359861674526
0 0.6181190263141975 0.7032891543635555 0.014298391296834611 0.017598020057646595
24 0.651848564758014 0.6998673171301267 0.028963408011537708 0.09092310363115647
2 0.6870446048733001 0.6996229001848819 0.028963408011537704 0.0884789341787056
2 0.553226327351639 0.7959231766114294 0.028963408011537694 0.08652359861674526
3 0.5972213774957467 0.7969008443924094 0.028963408011537694 0.08652359861674526
4 0.6415830530577221 0.7978785121733896 0.028963408011537694 0.08652359861674526
2 0.6859447286196975 0.8003226816258399 0.028963408011537694 0.08652359861674526
37 0.619768840694602 0.7497283739601158 0.24490577913553335 0.2346402674352416
