4 0.35541939534758527 0.43864290584350224 0.031319142670135344 0.03525835160845972
1 0.38673853801772046 0.43864290584350224 0.03034041946169367 0.035866254222398766
16 0.41805768068785604 0.4377310519225938 0.029361696253251884 0.03525835160845972
0 0.4427704417010094 0.4369711736551703 0.013212763313962587 0.007598782674236438
8 0.46748320271416327 0.4368191980016853 0.031319142670135344 0.03525835160845972
2 0.4988023453842987 0.4368191980016853 0.019574464168834568 0.03525835160845975
6 0.5271853184291087 0.4359073440807769 0.031319142670135344 0.03525835160845972
6 0.5692704163921032 0.43621129538774633 0.02838297304481006 0.03525835160845972
5 0.5976533894369135 0.43499549015986844 0.027404249836368647 0.03525835160845973
37 0.4762917115901384 0.43681919800168556 0.2985105785747271 0.054103332640568026
