3 0.24171163011124744 0.5721927521258717 0.04934631474330293 0.04140423052451034
10 0.2901922200344924 0.5748813385235672 0.047614865103187035 0.04140423052451034
14 0.3365084979075923 0.5770322076417236 0.0467491402831292 0.04140423052451034
0 0.37373466517008447 0.5794519353996503 0.019045946041276095 0.011829780149858254
1 0.41096083243257536 0.579720794039419 0.0467491402831293 0.04140423052451034
6 0.4598742847658494 0.5818716631575755 0.04242051618283949 0.04140423052451034
7 0.5100863243292101 0.5845602495552711 0.04068906654272404 0.04032879596543227
9 0.5737170986034688 0.5904751396302008 0.043286241002897546 0.04140423052451033
6 0.6252277253969163 0.5931637260278965 0.04934631474330293 0.04140423052451034
37 0.42870819124376314 0.5829470977166537 0.4822087247722746 0.0811953092104033
