7 0.4509602974191448 0.5778573429134133 0.02843112525402141 0.0868728827206207
6 0.48353762843937775 0.5770675894341349 0.02843112525402141 0.0868728827206207
0 0.5146341716859637 0.5774624661737748 0.014807877736470154 0.0197438369819579
14 0.5445460847136316 0.5778573429134134 0.03080038569185646 0.0900318966377342
2 0.5800849912811582 0.5766727126944958 0.028431125254021413 0.08924214315845592
1 0.4302292685880876 0.6781560347817664 0.02843112525402141 0.0868728827206207
5 0.46872975070290823 0.6773662813024879 0.02843112525402141 0.0868728827206207
1 0.509007178146105 0.6789457882610447 0.02843112525402141 0.0868728827206207
2 0.5608347502237483 0.679735541740323 0.023100289268892484 0.0868728827206207
8 0.6008160201122154 0.6805252952196014 0.029615755472939095 0.08371386880350712
37 0.5149303292406932 0.626032305149394 0.24166456465918112 0.23060801594928415
