6 0.3473186865524883 0.4044000976548514 0.012605166238407543 0.04715962692180206
10 0.36011198960042407 0.4081628338454209 0.012605166238407543 0.04715962692180206
0 0.3715883349816618 0.41468490990907514 0.006961061952556249 0.00903056685736466
26 0.3838172276010109 0.41819679702027235 0.014486534333691927 0.04715962692180201
2 0.3979274883156458 0.42396632584581195 0.012605166238407543 0.04715962692180206
5 0.33565420436172383 0.4524376963544535 0.011476345381237112 0.04440028704871839
2 0.34929412305253726 0.45820722517999257 0.01091193495265133 0.04590538152494556
4 0.36462727302910736 0.46460387670396086 0.014110260714634993 0.044149437969347026
8 0.38381722760101106 0.47238019816447063 0.015615355190863503 0.04715962692180196
9 0.39990292481569534 0.4799056705456098 0.014674671143220009 0.04665792876305956
37 0.37281122424359564 0.4417766104811733 0.09783114095480322 0.14800095682905978
