10 0.24244615872211406 0.358310480781863 0.010609861233257457 0.02512584053249022
4 0.2528184857486567 0.35514335802566666 0.009818080544208439 0.02512584053249022
0 0.26049875843243253 0.35239851830362967 0.004275615720864904 0.005278537926994561
12 0.26809985304730355 0.3501815323742925 0.010609861233257484 0.024914699015410515
2 0.2781554677982266 0.3465921265839368 0.009501368268588698 0.02407013294709166
3 0.24418807623802194 0.38945385455112586 0.011559998060116332 0.025336982049569842
3 0.25551054009142343 0.38565330724369035 0.011084929646686816 0.02533698204956961
1 0.2666746478070152 0.3809026231093961 0.010926573508877078 0.023858991430011668
7 0.28029327565865897 0.3761519389751015 0.011243285784496565 0.023647849912931874
2 0.2913782053053459 0.371717967116427 0.009659724406398586 0.024914699015410526
37 0.26350752505081915 0.36654499994797307 0.078386288215857 0.08424546531481948
6 0.4913000772888852 0.38113417388800075 0.00715103291661144 0.021929834277608327
10 0.49813825251539434 0.3781325278212532 0.006346541713492407 0.021170632949628117
0 0.5029651997341069 0.37493661202693757 0.003128576901016808 0.0040522519860798
31 0.5080696964178957 0.3716906390022057 0.006864097720831572 0.01864870200770346
2 0.5140493007548548 0.3667129241728347 0.005095110953086156 0.020737995458172828
6 0.49340069320813945 0.4074893057021719 0.007776748296815177 0.022199189850800556
6 0.5008645838148521 0.40219515766624075 0.006972257093694929 0.02186070762608128
9 0.507747452997091 0.39781991736009387 0.006614705447865008 0.020022892166511996
5 0.5159264468954653 0.39180113132194605 0.006346541713492166 0.020142076048455526
6 0.5224517644318731 0.3866166324574025 0.006704093359322811 0.020261259930398755
37 0.5050130767856017 0.3861124846526947 0.05018594900877792 0.07729789847329173
3 0.6158338195457749 0.33777936983136914 0.04683926560380403 0.06209480249257675
37 0.7058021345864429 0.2934915845607225 0.036917207432002594 0.052560091937093434
37 0.8683007099953676 0.28235685148504946 0.027078899565478164 0.04159487886471059
37 0.9211916600238456 0.2817234269338101 0.023278352258043877 0.03990574672807297
37 0.9660064470240232 0.2682103698407057 0.01884438039937062 0.03483835031815817
37 0.3698059799229536 0.17568859144731647 0.03913506676070533 0.03964384297964317
37 0.46074611581771197 0.11076880383725003 0.01844117307326855 0.02252599205508971
37 0.5080388016023842 0.11124470507785034 0.017132444661618264 0.01935331711775297
11 0.07705297594842421 0.07206148999486764 0.0046249224439783975 0.008693843282669407
11 0.07252282650534675 0.07340094840760429 0.004435376442176073 0.009350936088917523
