3 0.33397920138715853 0.27905774694285634 0.033117095458597576 0.03787821098506449
10 0.36689436333686204 0.27780350154600003 0.030290026334083092 0.03637311650883659
11 0.3994056582687781 0.27755265246662864 0.029078425280719952 0.03787821098506446
0 0.42343574582715054 0.278179775165057 0.0141353456225723 0.007023774222395766
4 0.44706196636773504 0.2764238316094579 0.028270691245143982 0.03612226742946548
4 0.47977519480854475 0.27680010522851484 0.02827069124514406 0.03587141835009421
10 0.5096613541248399 0.275671284371344 0.027462957209568494 0.03562056927072299
3 0.5480287208146785 0.27466788805385883 0.02907842528071964 0.036122267429465456
9 0.5797322817110189 0.2722848217998317 0.028674558262932356 0.03536972019135175
37 0.4555431737412784 0.27692552976820045 0.3109776036965856 0.06020377904910919
