6 0.45816957027429894 0.5944000527410422 0.04733397562226102 0.07185858190204271
10 0.5076229776408401 0.5946444696862871 0.04592102112607403 0.0694144124495924
0 0.5514245670226338 0.5919558832885926 0.026139658179457362 0.013198515043231072
17 0.5948729177803808 0.5900005477266312 0.04521454387798074 0.06697024299714195
3 0.6418536547785948 0.5885340460551611 0.04733397562226101 0.0689255785591023
10 0.4450997411845701 0.6738355599456812 0.043801589381793654 0.0694144124495925
4 0.49808553479157835 0.6699248888217606 0.045214543877980164 0.06941441244959225
5 0.5510713283985872 0.6669918854788202 0.045214543877980434 0.07039208023057257
8 0.6153607579750905 0.6638144651906347 0.045214543877980684 0.06990324634008226
5 0.6694062674542391 0.6613702957381843 0.044508066629887294 0.06794791077812239
37 0.5542504760150077 0.627396340349123 0.33698964734057407 0.19357822063407432
