7 0.48153425522337107 0.3886558821029332 0.03673660752773957 0.05777127796701012
3 0.5200484405347113 0.386878304319333 0.03673660752773957 0.05777127796701012
0 0.5532298924952489 0.3826565570832821 0.017775777836000473 0.013776227822902292
12 0.5864113444557896 0.3806567820767318 0.03673660752773957 0.05777127796701012
2 0.6249255297671292 0.3771016265095313 0.03318145196053972 0.057771277967010114
4 0.463758477387368 0.45798141566334555 0.03673660752773957 0.05777127796701012
1 0.5087904479052426 0.45487065454204495 0.03673660752773957 0.05777127796701012
1 0.554414944350984 0.4504267100830442 0.03673660752773957 0.05777127796701012
5 0.6142600630655278 0.4457605684010934 0.03436650381627199 0.05643809462930995
3 0.6604770854391362 0.443760793394543 0.03673660752773957 0.05777127796701012
37 0.5573775739903181 0.41598614052578825 0.28441244537605037 0.16753670610432964
