7 0.44735239783823777 0.5967044618069574 0.02848096694617701 0.09018972866289406
4 0.479838500761221 0.5967044618069574 0.02848096694617701 0.09018972866289406
0 0.511434573467135 0.5967044618069567 0.015130513690153733 0.015427190429180145
12 0.5430306461730514 0.5961111083289121 0.03115105759738132 0.09018972866289401
2 0.5795218850728405 0.5967044618069576 0.022250755426701498 0.09137643561898474
1 0.42910677838834305 0.6981679065527133 0.02848096694617701 0.09018972866289406
6 0.4678230928308026 0.6981679065527133 0.02848096694617701 0.09018972866289406
7 0.5085419752616652 0.70113467394294 0.02981601227177906 0.09018972866289401
1 0.5608312505144123 0.6999479669868494 0.02848096694617701 0.09018972866289406
7 0.603107685825144 0.7005413204648947 0.02848096694617701 0.09018972866289406
37 0.5152172018896755 0.64684283070179 0.24698338523637964 0.24742840034491365
