37 0.9151300689735608 0.5918415424025131 0.1308235907068354 0.0990702919915849
6 0.26384078865656163 0.3697132570002566 0.007479152525664178 0.012282573759819383
0 0.2786701428022739 0.3681658461328778 0.0033527235459846834 0.0024178294802794363
17 0.2863427216863618 0.367198714340766 0.00760810343127899 0.011895721042974674
3 0.29414425147606343 0.3664250089070765 0.007737054336894128 0.011895721042974683
3 0.261455196902686 0.3843169470611441 0.00760810343127899 0.012282573759819386
7 0.27035280939011413 0.38296296255218776 0.007350201620049127 0.0118957210429745
5 0.2797662255000019 0.38175404781204797 0.007092299808819263 0.011799007863763372
4 0.29111390519411334 0.3805934896615139 0.007350201620049182 0.011799007863763453
2 0.2996891404175042 0.37957800127979646 0.006447545280744702 0.012282573759819376
10 0.27157784299345566 0.3690362647457784 0.007221250714434378 0.012282573759819383
37 0.28041098002807624 0.37488741208805476 0.05789895662109067 0.03675100810024697
