9 0.20313572714310776 0.438440134469628 0.0481319584404867 0.03878351527855239
10 0.2515929015190031 0.44490405368272 0.04618066282803456 0.03878351527855239
11 0.29939964402408115 0.4497519930925391 0.0390259122490433 0.03878351527855239
0 0.3293195100816815 0.4541959375515406 0.02081381986615729 0.008887888918000174
1 0.36541847891204604 0.45702390220726785 0.04618066282803469 0.03635954557364341
7 0.413225221417124 0.46308382646954127 0.044229367215582356 0.03716753547527964
10 0.4613571798576108 0.4683357608301788 0.042928503473947596 0.03716753547527946
4 0.5250995031977149 0.47520367499408905 0.04553023095721714 0.03878351527855239
3 0.5751827572506539 0.4808596043055446 0.04683109469885204 0.03878351527855239
37 0.38785837845524584 0.4584378845351315 0.4748152656966931 0.10382670236029114
