6 0.13080136445135157 0.46290305841120016 0.011322463853401622 0.030657748279979576
10 0.1424722118079347 0.46081275739211075 0.011322463853401622 0.030657748279979576
0 0.15362048390974578 0.45895471204180976 0.0060967113056783805 0.006967670063630011
35 0.16424618075678388 0.45512249350681144 0.011322463853401627 0.03135451528634275
2 0.17548154873439029 0.4524515533157526 0.01010312159226587 0.03065774827997958
9 0.12574980365521857 0.5002962210860238 0.011322463853401622 0.030657748279979576
8 0.13907547265191433 0.49739302522617757 0.010103121592266218 0.033212560636644
5 0.15492692204667646 0.49344467885678595 0.010799888598629284 0.029960981273616637
3 0.17295576833632353 0.4898447159905762 0.012367614362946533 0.030657748279979576
10 0.18689110846358697 0.48636088095876046 0.011322463853401623 0.030193236942404132
37 0.15562368905303964 0.47660614286967656 0.08883779331130467 0.09754738089084541
6 0.36522766585205646 0.4773950849460452 0.011948690398376675 0.032247068063088996
1 0.37732031637571484 0.47528366977524783 0.011372849897250147 0.031479280728253387
0 0.3893409868367317 0.4739400419392848 0.005470484760700962 0.006142298678685665
35 0.39977809591965163 0.47096486601679827 0.010797009396123224 0.03282290856421551
2 0.4112949059421835 0.46914137109656406 0.009933248644433741 0.03224706806308899
2 0.36004510134191714 0.5163602921889445 0.009933248644433275 0.03224706806308899
5 0.376312595498743 0.5136730365170202 0.010797009396123105 0.03224706806308901
7 0.3901327675257814 0.5104099403439697 0.012236610648939834 0.03224706806308901
3 0.4089915439376772 0.5077226846720455 0.012812451150066429 0.032247068063089
5 0.4238914169043276 0.5044595884989947 0.01122888977196811 0.03224706806308901
37 0.39070860802690766 0.49188707089106387 0.09112675930328169 0.09770093835781032
6 0.6366547686465607 0.4021374675607182 0.012236610648940084 0.026104769384405365
10 0.6488193992328598 0.3991622916382309 0.011804730273095145 0.02591282255069649
0 0.6599763089421873 0.3963790625494522 0.005326524635420233 0.00575840501126606
17 0.6704853980877477 0.39311596637640167 0.012236610648940084 0.026104769384405365
3 0.6828659688619694 0.39023676387076867 0.012236610648940084 0.026104769384405365
4 0.6366547686465608 0.43515232295864265 0.012236610648940084 0.026104769384405365
9 0.6503309805483173 0.43073754578333884 0.012236610648940084 0.026104769384405365
9 0.6639352123874329 0.4267066622754527 0.012380570774221727 0.026488663051823073
3 0.6819302280476388 0.4220999382664398 0.013532251776475178 0.026488663051822795
9 0.6956784200120361 0.4176851610911361 0.012236610648940084 0.026104769384405365
37 0.6638632323247918 0.4115428624124525 0.09170259980440915 0.08867943717349464
6 0.8729946625069739 0.42280537164608645 0.013479902640008822 0.031060487636525257
10 0.8856238916794092 0.4212348975521051 0.011778555704862321 0.028617527934775778
0 0.8969443924401931 0.4187919378503559 0.005889277852430097 0.006281896375926344
17 0.9076105289951516 0.4159999839054996 0.012825538434182443 0.028617527934776014
2 0.9189310297559357 0.4134697756429736 0.009815463087385552 0.028792025056329596
9 0.8729946625069741 0.46023500421931474 0.01295641127534829 0.02949001354254382
7 0.8870634929322258 0.45569807905892357 0.01230204706952215 0.028094036570115655
7 0.9011323233574777 0.45281887655329056 0.013218156957678336 0.028966522177883283
1 0.9186692840736057 0.44793295714979225 0.01347990264000882 0.028617527934776173
2 0.9321491867136141 0.44566449456959645 0.011385937181366093 0.031060487636525257
37 0.9008771213172077 0.4357065255107044 0.09544556306173567 0.0940539485173443
13 0.6594455483172007 0.2400850928970307 0.008529124534275291 0.018535735208346553
2 0.6670008751684297 0.23695103138837312 0.006447212246379829 0.018535735208346543
10 0.6759665296985531 0.25512858813858735 0.00893207529967449 0.017282110604883768
6 0.48975203848766136 0.2592046658730485 0.008313075765560774 0.020261259930398897
10 0.49806511425322236 0.2572977237619522 0.008313075765560778 0.019784524402624862
0 0.5055736988156648 0.2556887413557147 0.0034861285468496318 0.00393306810413628
17 0.5127247317322754 0.2527687362480983 0.008313075765560774 0.020261259930398897
5 0.49869082963342587 0.280061845213165 0.008313075765560772 0.019784524402624803
4 0.5077190086906475 0.2776781675742946 0.008313075765560774 0.020261259930398897
6 0.31303290225705543 0.2537778261755135 0.008126173768876546 0.018813323513398983
3 0.3209743902584578 0.2514138483518399 0.007609053619948285 0.018222329057480596
3 0.34276731082044487 0.24323842504497006 0.008938791145764327 0.01881332351339896
2 0.3121094734196832 0.27662961180435397 0.007461305005968661 0.018813323513398972
4 0.3306519244741198 0.2700794232512597 0.008791042531784822 0.018517826285439826
7 0.3418069448295775 0.26540071714190644 0.008495545303825684 0.01881332351339897
3 0.350967358896311 0.2623472457863286 0.008643293917804917 0.01920731981734464
37 0.3297919601057922 0.25889207166142797 0.06078556754942573 0.06561668620400647
