10 0.35673583831763567 0.4156898718884052 0.06235193202267799 0.16611436435334404
5 0.42349649280656204 0.41490260001943186 0.06235193202267799 0.16611436435334404
0 0.49088696479066174 0.4156898718884016 0.03589959722516844 0.03700177784174761
16 0.5601668892603079 0.410966240674566 0.06235193202267799 0.16611436435334404
5 0.6262977262540556 0.41254078441251224 0.06235193202267799 0.16611436435334404
1 0.36555328325013386 0.5987305814246704 0.06235193202267772 0.15273074258079794
3 0.45278300633236407 0.5995178532936438 0.06046247953714348 0.154305286318745
2 0.5318251019772711 0.5979433095556965 0.04597667714803182 0.15430528631874224
7 0.627872269992 0.5991242173591569 0.056683574566068484 0.15194347071182412
37 0.4968702309948628 0.5034706852789143 0.49125764623926815 0.4298504404593595
