10 0.3173158161551944 0.5163658206098899 0.03903827449453832 0.11593184546862893
6 0.3616774917171697 0.5163658206098898 0.03992550800577785 0.11593184546862888
0 0.4067045924125742 0.5237594332035505 0.019075520491648304 0.02543402732220274
30 0.45084445959674013 0.518731776639862 0.03903827449453832 0.11593184546862895
2 0.49675879380338467 0.5193232656473541 0.03415849018272079 0.11593184546862888
6 0.3235264507338696 0.6432402127171386 0.0390382744945382 0.10351057631127412
2 0.38164024572005817 0.6456061687471103 0.03105317289338201 0.108242488371218
7 0.43842319043938616 0.6447189352358713 0.03903827449453824 0.10528504333375373
8 0.4978678356924334 0.6464934022583507 0.03903827449453826 0.10883397737871253
37 0.40537374214571514 0.5802466334191341 0.325171081869279 0.30047641580644613
