7 0.4766867766604709 0.5588626703152396 0.03226303677234577 0.09248737208072445
6 0.5101596773117795 0.5572495184766226 0.031456460853037126 0.09248737208072448
0 0.5446407978622227 0.5572495184766217 0.0157282304265162 0.019357822063409406
14 0.577105478614397 0.5561740839175444 0.031456460853037126 0.09248737208072448
2 0.6119898871244961 0.5561740839175433 0.025407141458222426 0.09248737208072443
1 0.4569256666374092 0.6639863984651331 0.03145646085303713 0.08872335112395073
5 0.49967419036076727 0.6639863984651332 0.03145646085303713 0.08979878568302894
2 0.5412128502051619 0.6637175398253619 0.02500385349856791 0.09248737208072445
9 0.5954550807786686 0.6639863984651329 0.030246596974073704 0.08872335112395044
1 0.6388085364415076 0.6637175398253632 0.02984330901441929 0.08711019928533302
37 0.5460523057210138 0.6088703773123749 0.25891087009807423 0.24304821035167065
