4 0.2841686345905227 0.38811793597401484 0.06103214887863249 0.041462057662114284
1 0.34329352881669783 0.3869333057550973 0.05340313026880363 0.041462057662114284
17 0.39765028641172984 0.38456404531726224 0.05340313026880338 0.041462057662114284
0 0.44056351609201827 0.3845640453172621 0.02097980117702993 0.009477041751340272
5 0.4844303730985354 0.3821947848794271 0.04958862096388912 0.04146205766211428
1 0.539740758019796 0.38101015466050947 0.04768136631143159 0.04146205766211428
4 0.5950511429410568 0.3792332093321333 0.04958862096388896 0.04146205766211428
1 0.6684804470606613 0.3768639488942979 0.05149587561634675 0.045015948318866975
5 0.722837204655693 0.3753831611206509 0.05149587561634663 0.04323900299049079
37 0.5035029196231079 0.38071399710578047 0.5550111038650636 0.07996253977693508
