6 0.16984897727923493 0.4546170400448316 0.012460603380111283 0.01854930730448512
10 0.18249837768025695 0.4527762690909509 0.012460603380111224 0.018549307304485126
0 0.1945813870185464 0.4510770959027567 0.0064190987109657175 0.0038231396734392156
29 0.20590920827319337 0.4488115316518247 0.012460603380111224 0.018549307304485126
2 0.21799221761148307 0.44697076069794517 0.010950227212824964 0.01854930730448511
5 0.1674890145178501 0.4768478892570753 0.011894212317378822 0.01854930730448512
2 0.18089360300251534 0.47486552053751224 0.011516618275557331 0.01854930730448512
1 0.19590296616492214 0.47217516298953327 0.012460603380111224 0.018549307304485126
8 0.21421627719326747 0.4687768166131398 0.012460603380111224 0.01996528496131596
7 0.23064161801250507 0.4665112523622099 0.012460603380111224 0.018549307304485126
37 0.19675255275902043 0.4614845316804624 0.09534249555994193 0.061453430306462824
7 0.7230227993418797 0.5424719810757164 0.01530577448523672 0.023472661617284694
0 0.7523779041381897 0.5387883152014721 0.007310220649661042 0.005139998894294085
26 0.7659703456586634 0.53784598207085 0.014848885694632432 0.023472661617284694
2 0.78241834212041 0.5356186492166553 0.01347821932282092 0.023472661617284694
4 0.7166263562734224 0.5703136417531526 0.015305774485236718 0.0229586617278551
4 0.7353587966881896 0.568428975491911 0.015305774485236718 0.02295866172785503
2 0.754091237102957 0.5662873092859542 0.014391996904028245 0.023472661617284687
1 0.7792201205861815 0.5644026430247123 0.016219552066444775 0.023472661617284687
8 0.7974956722103448 0.5616613102810878 0.01530577448523672 0.023472661617284694
3 0.7384427960247676 0.5405873148144745 0.015077330089934787 0.023472661617284694
37 0.7567183476489308 0.5516383124372107 0.12061864071947684 0.07058931814833053
