6 0.39098185434066 0.38353010703221474 0.014926556789035312 0.03752370526132482
10 0.4064612465663264 0.38736540287384175 0.013820885915773372 0.03690176539511512
0 0.4219406387919929 0.39037144556052256 0.008845366986095615 0.007670591683254211
34 0.4378346575951323 0.3935848015359398 0.015755809943981472 0.0414626577473204
2 0.4537286763982714 0.3972127840888304 0.013268050479142432 0.040840717881110676
2 0.3795105190305683 0.4225050053146958 0.010780291014303535 0.03627982552890529
4 0.39899796817180866 0.42675492773379614 0.014926556789035306 0.03607251224016857
1 0.41779437301726063 0.43141947673036973 0.01492655678903531 0.03752370526132482
5 0.44128987907407546 0.43898641176925574 0.014926556789035306 0.037731018550061425
7 0.46229762566605115 0.44385827405456596 0.016585063098928005 0.037523705261324806
37 0.4262251134258823 0.4149380702758101 0.11913603659396714 0.11526618853755068
10 0.14050364305159763 0.2757841298286738 0.008684662961895755 0.026903575479785655
6 0.10302743440080836 0.28102324715894783 0.007363083815520295 0.026903575479785634
1 0.11086251076860558 0.2803152583305324 0.007551880836431069 0.026620379948419492
9 0.11916957968867982 0.27889928067370157 0.008684662961895755 0.026903575479785655
10 0.13068619796423722 0.2770585097198215 0.008684662961895755 0.026903575479785655
37 0.12463926207679332 0.2604161703246762 0.05930416502040977 0.08009831610277912
