8 0.2747152442886999 0.6271711471782483 0.021044565432055292 0.021853971794826562
0 0.3143761560644966 0.6271711471782503 0.011871293320646948 0.006677602492859623
13 0.3329925024082377 0.6274746745642875 0.021044565432055292 0.021853971794826562
2 0.35430686996121674 0.6277782019503274 0.017267335739122303 0.021853971794826562
6 0.26392315945174866 0.6508462832893109 0.01888614846466508 0.021853971794826562
10 0.286046933367499 0.6508462832893105 0.021044565432055292 0.021853971794826562
8 0.3081707072832494 0.650239228517232 0.021044565432055292 0.021853971794826562
8 0.3362301278593231 0.650239228517232 0.021044565432055292 0.021853971794826562
4 0.3594331102587686 0.6505427559032713 0.021044565432055292 0.021853971794826562
2 0.2965692160835267 0.6274746745642884 0.016188127255427034 0.021853971794826562
37 0.3143761560644964 0.6385534241547205 0.14785156226623442 0.057366675961419915
