10 0.16546220680474932 0.32939051334099484 0.014382013883953836 0.022576417143415944
4 0.18017868612786486 0.32838711702350964 0.013713083005630402 0.02257641714341594
0 0.19355730369433308 0.3262548998488534 0.007692705100718562 0.0052678306667975575
15 0.20693592126080212 0.3238718335948266 0.014382013883953831 0.023579813460901086
2 0.222655796901403 0.32211589003922747 0.014382013883953836 0.022576417143415944
2 0.1597762943390001 0.3554788175956088 0.014382013883953836 0.022576417143415944
5 0.1771684971754094 0.35347202496063845 0.014382013883953836 0.022576417143415944
3 0.1952296308901422 0.35121438324629695 0.014382013883953836 0.022576417143415944
5 0.21680265171607288 0.3477024961350989 0.01337861756646868 0.02257641714341594
5 0.2346965527112248 0.34619740165887114 0.014382013883953836 0.022576417143415944
37 0.19589856176846535 0.3381702311189898 0.10937019860588126 0.0687326477477324
0 0.6745765181020541 0.4017439386008075 0.0105038732959876 0.006426711950834324
26 0.6901941191868781 0.39863423926975833 0.019072822563767144 0.027987293979441302
11 0.7128603720887469 0.39448797349502646 0.020178493437029127 0.02923117371186071
1 0.6398860944534629 0.44268831312628626 0.020178493437029134 0.027779980690704788
8 0.6582678727214416 0.4385420473515542 0.015479392225665918 0.02943848700059751
8 0.6792756193134173 0.43367018506624416 0.017137898535559113 0.029645800289334043
5 0.7112018657788538 0.42724347311540956 0.019072822563767387 0.026743414247021927
5 0.7331770743849337 0.4233045206294139 0.018796404845451805 0.02798729397944129
10 0.6568857841298639 0.40578654773117184 0.019349240282083655 0.026950727535757717
6 0.6362926641153612 0.40899990370658945 0.021284164310290496 0.027987293979441028
37 0.680519499045837 0.417188778611684 0.15562317541160925 0.09494948624136353
