10 0.28507670850767086 0.35774058577405854 0.0725244072524407 0.20781032078103207
5 0.3676429567642957 0.35774058577405854 0.0725244072524407 0.20781032078103207
0 0.4518828451882845 0.37029288702928853 0.03793584379358417 0.04602510460251084
18 0.5338912133891214 0.35774058577405854 0.0725244072524407 0.20781032078103207
6 0.617015341701534 0.35774058577405854 0.0758716875871686 0.2133891213389122
3 0.29846582984658293 0.5864714086471409 0.07252440725244065 0.19107391910739208
2 0.3988842398884239 0.586471408647141 0.061366806136680746 0.19665271966527204
5 0.505997210599721 0.5878661087866112 0.07252440725244068 0.19665271966527212
7 0.6108786610878656 0.5878661087866106 0.07252440725244068 0.1966527196652722
37 0.4474198047419805 0.4665271966527196 0.602510460251046 0.5202231520223151
