8 0.10827064681929201 0.19512071528659877 0.02262371724582224 0.03959150518018887
0 0.15809669075354363 0.1854248364669608 0.013466498360609118 0.010503868721274411
22 0.17964308813051666 0.17956690968009595 0.024239697049095316 0.036763540524461034
4 0.20522943501567284 0.1735069854178222 0.02693299672121699 0.0375715304260977
2 0.12012116537662745 0.23754018512251526 0.02262371724582224 0.03959150518018887
5 0.15405674124536067 0.22925828863074119 0.024778356983519552 0.037571530426097836
7 0.18583767737639686 0.22218837699142177 0.02585567685236851 0.036359545573643105
3 0.21842660340906922 0.21532046282751138 0.027471656655641205 0.037975525376915925
7 0.13412632367166025 0.19027277587677977 0.02477835698351967 0.036359545573642876
37 0.1650992699010599 0.20582658148328256 0.19230159658948925 0.13049036911429626
6 0.7906246350847645 0.323368401115222 0.028764027767907197 0.040888399937520026
0 0.8434701744723143 0.31734802321031075 0.011371824931495033 0.007274623301768205
14 0.8658793588961502 0.31433783425785533 0.02608830425461327 0.04088839993751999
2 0.8906298013941182 0.3100733999085435 0.02408151161964376 0.038379909143807386
2 0.7866110498148238 0.3710297261957664 0.024081511619643465 0.038379909143807525
8 0.8152078448631508 0.36601274460834027 0.023078115302157975 0.04088839993751994
2 0.8478182251814183 0.3614974611796573 0.024750442497966877 0.04088839993751997
9 0.8887902414787281 0.35610420597317505 0.027091700572097796 0.036623965588207956
1 0.919393829162025 0.3513380734651205 0.028764027767907173 0.03863075822317836
10 0.8192214301330906 0.32136160848025147 0.02709170057209874 0.03938330546129226
37 0.8481526906205795 0.3400498648934122 0.2013481943753526 0.12442114336815817
