0 0.3071684041275461 0.527854455327793 0.0061788115934434396 0.004376658212023144
17 0.31780969076069854 0.5246363242895414 0.013387425119127747 0.015704479466669183
3 0.33179783367363397 0.520581479181344 0.014245593395994955 0.018407709538800665
4 0.3022768449494033 0.5528915148053926 0.013559058774501214 0.01840770953880065
3 0.3172089729668919 0.5482574061103088 0.015618662638982574 0.018407709538800613
7 0.3330850860889345 0.5421429571376314 0.013730692429874559 0.01750663284809013
8 0.34578597658656823 0.5368652222348977 0.011327821254646644 0.01750663284808993
5 0.28803125155340836 0.5568819972928254 0.014245593395994955 0.018407709538800665
10 0.2969562016328269 0.530493322779159 0.013559058774501335 0.018407709538800613
37 0.3125748642718091 0.5378306615463744 0.10692776729764851 0.06861055373552938
6 0.7360526843325268 0.4788763623400263 0.0114895256902881 0.015000214095653625
0 0.7583934287303093 0.47595078866888735 0.004822763869999264 0.003191534913969995
16 0.7667623425047155 0.4738230987262416 0.010780295709406274 0.015319367587050414
3 0.7794575591625033 0.47233371576638894 0.013191677644403772 0.015319367587050709
3 0.7364072993229681 0.49802557182383894 0.01219875567117046 0.01542575208418262
6 0.7488897469864909 0.49509999815270034 0.012482447663523894 0.015532136581314521
6 0.762081424630895 0.4927595392157899 0.012766139655875116 0.015319367587050508
10 0.7790320211739732 0.49004673453891684 0.0114895256902881 0.014361907112859774
3 0.7920818528222013 0.4883445825848003 0.0114895256902881 0.015000214095653625
10 0.7476840560189915 0.47770613287157027 0.011205833697935057 0.01457467610712445
37 0.7629051447843496 0.48440021264349054 0.08911219386988677 0.050267206817494456
