7 0.3375905755123657 0.4218000506163558 0.04674254093978835 0.13712735224682804
6 0.38814883407989187 0.4194152270990196 0.04674254093978835 0.13712735224682804
0 0.4401379867578195 0.42716590353036216 0.026710023394164457 0.02861788220803365
28 0.4921271394357475 0.4170304035816831 0.0505582585675265 0.13712735224682795
2 0.5522246920726183 0.4170304035816834 0.04674254093978835 0.13712735224682804
8 0.34045236373316906 0.5720439322085327 0.04674254093978835 0.13712735224682804
4 0.40913528103244984 0.5720439322085324 0.04674254093978835 0.13712735224682804
3 0.4787721277386651 0.5720439322085327 0.04674254093978835 0.13712735224682804
7 0.5493629038518147 0.5714477263291988 0.046742540939788337 0.13593494048815996
37 0.4482463867167624 0.49453716789510793 0.3768021157391096 0.36368558639376103
