7 0.3514644351464433 0.3940027894002789 0.07140864714086469 0.205020920502092
7 0.4317991631799161 0.3926080892608088 0.07140864714086469 0.205020920502092
0 0.5160390516039052 0.3905160390516038 0.0412831241283128 0.044630404463040584
21 0.5935843793584377 0.39121338912133896 0.07140864714086469 0.205020920502092
9 0.6761506276150626 0.3898186889818689 0.07140864714086469 0.205020920502092
7 0.3581589958158996 0.6241283124128312 0.07364016736401678 0.205020920502092
5 0.46527196652719655 0.6241283124128312 0.07140864714086469 0.205020920502092
8 0.5690376569037656 0.6255230125523012 0.07140864714086469 0.205020920502092
6 0.6772663877266386 0.6213389121338913 0.07140864714086469 0.205020920502092
37 0.5165969316596931 0.5055788005578798 0.582426778242678 0.5481171548117153
