7 0.3962469350236667 0.4450838519606831 0.05057434486283788 0.14895183760972755
6 0.45444207157816474 0.44508385196068323 0.05334554184162349 0.15241583383320942
0 0.5122908085103139 0.44465085243274804 0.026326371298461645 0.033773963178949463
14 0.5677147480860275 0.4437848533768775 0.05403834108631962 0.15674582911256202
2 0.6359554736886225 0.4411868562092657 0.05057434486283783 0.15847782722430306
1 0.36022137429945345 0.6252116555817491 0.05057434486283787 0.14895183760972755
1 0.43227249574787985 0.6243456565258785 0.05057434486283787 0.14895183760972755
6 0.5029380187069133 0.6252116555817491 0.05057434486283787 0.14895183760972755
8 0.5971587159856248 0.6260776546376196 0.05057434486283787 0.14895183760972755
5 0.6726738336575331 0.6252116555817491 0.05057434486283787 0.14895183760972755
37 0.5154084051114486 0.5334157556594751 0.43854192189282537 0.40875155437088007
