9 0.3648167766394539 0.49034345669775675 0.04086649544652929 0.11945590976677814
4 0.4111845310884006 0.4913913155553601 0.04086649544652929 0.11945590976677814
0 0.4532298677497338 0.49086738612655884 0.01964735358006251 0.02200503600966881
26 0.4960610985542693 0.49034345669775675 0.04086649544652929 0.11945590976677814
2 0.5424288530032161 0.49034345669775675 0.04086649544652929 0.11945590976677814
3 0.3396681640569743 0.6286608259013944 0.04086649544652929 0.11945590976677814
1 0.390751283365136 0.6270890376149894 0.0408664954465293 0.11212089776355481
9 0.44576387338931023 0.629184755330196 0.04086649544652932 0.11631233319396841
9 0.5153155050627304 0.6286608259013944 0.036937024730516854 0.11316875662115825
3 0.5691492538721006 0.6286608259013944 0.04086649544652929 0.11945590976677814
37 0.4500862911769238 0.5579303530131706 0.3292896460018422 0.30492692756256495
