8 0.40726932474455807 0.4943990812983101 0.05379942392504215 0.07625808691645346
3 0.46491156466424605 0.49488791518880026 0.05379942392504215 0.07625808691645346
0 0.5156367357935718 0.49610999991502774 0.0292054015593093 0.015153850605188084
16 0.5694361597186136 0.49488791518880026 0.05379942392504215 0.07625808691645346
2 0.6232355836436556 0.49342141351733076 0.043039539140033695 0.07625808691645343
3 0.3719154175938161 0.578478510462605 0.05379942392504215 0.07625808691645346
3 0.4380118527017249 0.5775008426816249 0.05379942392504215 0.07625808691645346
6 0.5033397246107048 0.5755455071196646 0.05379942392504215 0.07625808691645346
2 0.5871131132939849 0.5762787579554007 0.04150241274217594 0.07185858190204424
10 0.6532095484018936 0.5760343410101564 0.05072517112932624 0.07039208023057451
37 0.512562482997855 0.5342390433732528 0.3950414842495953 0.18624571227672468
