7 0.6029459390643214 0.38477628656374496 0.01261078871777272 0.030904606578542757
7 0.6163836647471937 0.3842244185891282 0.01261078871777272 0.030904606578542757
0 0.629407921947519 0.38229288067797107 0.007649166927179358 0.007726151644632218
32 0.6422254449065634 0.38063727675411885 0.01261078871777272 0.030904606578542757
11 0.6569035760370856 0.37898167283026823 0.01261078871777272 0.030904606578542757
1 0.5981910515149974 0.41981990295191396 0.01261078871777272 0.030904606578542757
8 0.6128691826455195 0.41830226602171805 0.01261078871777273 0.032284276515084295
8 0.6283742507411413 0.41650869510421296 0.01261078871777272 0.030904606578542757
5 0.6492544091099122 0.41347342124382047 0.01261078871777272 0.030904606578542757
7 0.6645527429642591 0.4115418833326615 0.01261078871777272 0.030904606578542757
37 0.6301314917919786 0.39843501893551214 0.1017132467072798 0.08857480992600263
