4 0.25787937373303604 0.33508086206541543 0.046712834358703284 0.049581198509512946
1 0.3063661131939685 0.33875354343649056 0.046712834358703284 0.04811212596108284
16 0.35307894755267183 0.34095715225913553 0.044347627555730955 0.04958119850951293
0 0.3921048598017141 0.3444461995616571 0.019512956124519785 0.008814435290579448
5 0.43024381949964374 0.34683344245285563 0.0425737224535017 0.049581198509512925
5 0.47902620981094757 0.3505061238239303 0.04316502415424481 0.051050271057942985
2 0.530765108625967 0.35307700078368315 0.03311289524161203 0.04958119850951293
1 0.5931474380543623 0.35748421842897316 0.046712834358703284 0.049581198509512946
2 0.6484341470738403 0.3585860228402957 0.030747688438639988 0.049581198509512925
37 0.4521219824271378 0.34701707652140923 0.4884152048137841 0.1006314695674558
