7 0.4416859032837761 0.19831364785074668 0.01600949964433276 0.048078737948618555
3 0.45894614508782233 0.1966442472275308 0.01600949964433276 0.048078737948618555
0 0.4754559415960385 0.19297156585645567 0.008004749822162252 0.010684163988582025
24 0.49184066388828696 0.19046746492163183 0.018260835531817742 0.050415898821120894
2 0.5093510541242758 0.18729560373752144 0.013257866892963967 0.048078737948618507
3 0.4324304113018958 0.2579112500995552 0.016009499644332754 0.04908037832254806
8 0.4519419889934265 0.25423856872848005 0.016009499644332764 0.04974813857183448
2 0.4749556447321547 0.2507328274197264 0.013508015324905136 0.04807873794861848
3 0.5027221206777948 0.24672626592400831 0.01701009337210344 0.04807873794861852
1 0.5249853311206951 0.2423858243036471 0.01600949964433276 0.048078737948618555
37 0.4768317579717237 0.22085055626416156 0.13082762990603153 0.1432345734719259
7 0.7965557907630846 0.036072512240168705 0.012270477130519706 0.032340873042909876
3 0.8096028803702194 0.035035945796485696 0.012270477130519706 0.032340873042909876
0 0.8224946474820268 0.03202990310980497 0.006678867298883284 0.005182832218415059
26 0.8344544796219047 0.030164083511175558 0.012270477130519706 0.03296281290911968
2 0.8480451979626698 0.02777998069070463 0.009319349719383205 0.03234087304290987
7 0.7891003109875778 0.07276696434654717 0.012270477130519706 0.029853113578070568
3 0.8054091729964975 0.07090114474791781 0.011649187149227998 0.032340873042909876
5 0.8214073900147699 0.0686206985718152 0.011649187149227292 0.032340873042909876
10 0.8417546369020869 0.06457808944145144 0.012270477130519703 0.030889680021753647
10 0.8583741439016517 0.06240129990971717 0.012270477130519706 0.031096993310490314
37 0.8229606149680001 0.04923690607494289 0.09800849454883404 0.09432754637515375
