10 0.39619886341607524 0.39345990758213967 0.05334554184162336 0.14462184233037492
6 0.4550867992152699 0.39345990758213967 0.05334554184162336 0.14462184233037492
0 0.512589136525071 0.4025528976687798 0.028404769032551826 0.031175966011338298
26 0.5714770723242664 0.3969239038056216 0.054731140331016156 0.14462184233037487
3 0.6324434058575502 0.3977899028614922 0.05334554184162336 0.14462184233037492
1 0.40520525359712845 0.5506387362226368 0.05334554184162332 0.13163185649231696
8 0.4751779773114656 0.554102732446119 0.05334554184162333 0.13682785082754015
10 0.5534642919621596 0.5562677300857954 0.053345541841623344 0.13422985365992868
1 0.631057807368157 0.5610307248930829 0.053345541841623344 0.13682785082754
37 0.5177851308602947 0.473997819778097 0.42676433473298686 0.3784415874154125
