6 0.4485303458641787 0.4857770838226687 0.00881052764250295 0.01005344136349897
10 0.4585995203127535 0.48591868158835183 0.00881052764250295 0.01005344136349897
21 0.47747922240383117 0.4857770838226687 0.00881052764250295 0.01005344136349897
2 0.486793208768763 0.4857770838226687 0.00881052764250295 0.01005344136349897
2 0.4407267356665333 0.49653851401458304 0.00881052764250295 0.01005344136349897
3 0.45306147436603744 0.49668011178026616 0.00881052764250295 0.01005344136349897
3 0.4648927543431127 0.49668011178026616 0.00881052764250295 0.01005344136349897
5 0.4782344104874744 0.4963969162489 0.00881052764250295 0.01005344136349897
4 0.49056914918697847 0.49653851401458304 0.00881052764250295 0.01005344136349897
37 0.46665485987161337 0.49087460338725963 0.0737567028358103 0.027045173245468776
