6 0.37011176022977244 0.37573076444850073 0.035209176780554026 0.044618525747770435
10 0.4039044758754767 0.37026727149979366 0.030757441785311476 0.044618525747770435
0 0.43041253425623827 0.3631343779278713 0.017402236799583647 0.010319931125334693
35 0.456111186274229 0.35600148435594847 0.03318566087362554 0.04765379960816335
11 0.4903086051013185 0.3512968098723404 0.03520917678055401 0.04735027222212405
2 0.3810387461271856 0.42945511177744905 0.031162144966697246 0.04704674483608418
10 0.41442675859150424 0.4227775092845858 0.034804473599168356 0.04461852574777044
3 0.4500406385534438 0.4156446157126629 0.03804209905025367 0.04613616267796698
7 0.4894991987385475 0.40304822919203404 0.035209176780554026 0.044618525747770435
10 0.5238989691563303 0.39667415408520945 0.03278095769224004 0.044618525747770435
37 0.4419465749257297 0.3890859694342276 0.2484877533708061 0.15692365858229534
