9 0.42390904589726075 0.5555710889202413 0.026966662967118468 0.0783750204587411
4 0.45511765584797087 0.5588030485267873 0.026966662967118468 0.0783750204587411
0 0.4846597866265543 0.5581970561005604 0.013331833377000194 0.01575580308191139
26 0.5138989211920267 0.5596110384284239 0.026966662967118468 0.0783750204587411
2 0.5452590292492936 0.5600150333792421 0.0218157273441859 0.07837502045874106
5 0.40269931097930156 0.6442479806248481 0.02696666296711846 0.07231509619646798
10 0.4393618527660581 0.6452579680018938 0.02696666296711846 0.07271909114728575
3 0.47844836425772436 0.6470759452805762 0.02696666296711743 0.07231509619646811
7 0.5251097810772329 0.6474799402313942 0.026966662967118468 0.07393107599974044
9 0.562984307716444 0.6484899276084399 0.02696666296711846 0.07191110124564944
37 0.4852657790527824 0.5985965511823855 0.23148910681885904 0.20644141986812767
