4 0.24119363264337781 0.4367757477726132 0.05288296990904228 0.04738520875670242
1 0.29451006951888753 0.4378526843352656 0.05028216811023688 0.047385208756702414
16 0.3456591715620598 0.4378526843352653 0.04854830024436667 0.04846214531935471
0 0.38813893427588075 0.43812191847592835 0.022540282256313306 0.011307833907849897
10 0.4301852300232338 0.4362372794912872 0.049415234177301696 0.047385208756702414
8 0.48220126599934104 0.43650651363194987 0.047681366311431474 0.05115448672598578
1 0.535517702874851 0.43569881120996085 0.04854830024436668 0.047385208756702414
3 0.6074732193084659 0.4343526405066453 0.045080564512625994 0.050077550163333255
6 0.6616565901169108 0.43139106495935137 0.04941523417730178 0.0516929550073118
37 0.4483908426148716 0.4335449380846558 0.5244950294257475 0.08077024219892401
