7 0.3416273440310372 0.6673732612763231 0.06630088771744622 0.1990931829446299
8 0.44184075477637225 0.6673732612763227 0.06858712522494466 0.19909318294462988
6 0.5485318384596192 0.667373261276323 0.0701112835632763 0.19909318294462988
6 0.6556039617274486 0.6711836571221533 0.0708733627324429 0.1990931829446299
7 0.6544608429736996 0.43351021623849223 0.0640146502099477 0.20576137567483316
26 0.5744425302112647 0.43303391675776337 0.0701112835632764 0.2048087767133754
9 0.4182163005322249 0.4344628151999496 0.06553880854828016 0.20195097982900279
0 0.4955673362025786 0.44303620585306774 0.03276940427414008 0.03810395845830242
7 0.34124630444645404 0.43446281519994967 0.059442175194951756 0.1962353860602575
37 0.5024260487250732 0.5521087869399584 0.5662248226903737 0.5344080173776912
