7 0.18293964115530106 0.46578892166417235 0.01308992678314721 0.014159776568308333
10 0.19779167346694881 0.46607211719553854 0.01308992678314721 0.014159776568308333
0 0.21151092365313193 0.4652933294842815 0.008307068920074065 0.0032567486107110783
11 0.22548190320052952 0.46593051942985547 0.01308992678314721 0.014159776568308333
23 0.2409632589152132 0.46522253060144 0.014852032311647884 0.014159776568308326
2 0.17010144373336822 0.4820726647177269 0.011579550615861049 0.014159776568308326
1 0.18872941646323155 0.48221426248341004 0.01308992678314721 0.014159776568308333
9 0.20685393047066614 0.4820726647177269 0.01308992678314721 0.014159776568308333
4 0.23001303170238813 0.4813646758893115 0.01308992678314721 0.014159776568308333
9 0.24813754570982283 0.48164787142067766 0.01308992678314721 0.014159776568308333
37 0.20987468280523858 0.474497184253682 0.11529204743618124 0.03865619003148153
6 0.4594159418787328 0.4008366231164452 0.009534551809102019 0.009847160065137925
10 0.4700446225839611 0.4009245441884552 0.009534551809102019 0.009847160065137925
26 0.4897389427142369 0.40110038633247563 0.009534551809102006 0.010550528641219132
3 0.5005239275474832 0.40110038633247563 0.009534551809102006 0.01055052864121937
10 0.4511318230937756 0.41147507282967455 0.009534551809102019 0.009847160065137925
1 0.46441767397531103 0.4119586387257305 0.009534551809102013 0.010110923281168405
6 0.4770783083447738 0.4116509149736948 0.009534551809102019 0.009847160065137925
1 0.4930213294026162 0.4120025992617354 0.009534551809102019 0.009847160065137925
3 0.5061508761561335 0.4120025992617354 0.009534551809102019 0.009847160065137925
37 0.47901172132193254 0.40613074949631744 0.08030166622738384 0.02834787268975316
