10 0.3374232924753661 0.4306679798131984 0.04442363320940846 0.12512656687316692
5 0.38954702210773867 0.43140837370002205 0.04442363320940781 0.13104971796775455
0 0.44107843663065366 0.43251896453025745 0.021915659049977453 0.02073102883105688
16 0.4937944813724836 0.42807660120931634 0.04442363320940742 0.13179011185457812
2 0.5417720052386443 0.42844679815272785 0.03731585189590341 0.12808814242046085
9 0.34275412846049497 0.5724534091398934 0.042054372771573256 0.11994380966540294
8 0.407316475391502 0.5743043938569523 0.03968511233373868 0.1192034157785797
1 0.4783942885265551 0.5765255755174227 0.042054372771573284 0.11920341577857936
10 0.5476951563332321 0.5765255755174225 0.043239002990490764 0.12364577909952007
37 0.44226306684956923 0.4998948082311929 0.38441250603874666 0.33465803684420925
