7 0.5478637356404773 0.5914021219943714 0.03105317289338284 0.0865724820057939
6 0.5821432122110947 0.5908644047148325 0.03105317289338284 0.0865724820057939
0 0.6131963851044773 0.5951661429511441 0.015728230426518428 0.020970973902025947
34 0.6446528459575144 0.5914021219943713 0.03024659697407401 0.0865724820057939
4 0.6773191706895144 0.5919398392739105 0.03105317289338284 0.0865724820057939
2 0.5494768874790946 0.688728949590946 0.022987413700296513 0.0865724820057939
4 0.5918221232427986 0.6887289495909475 0.027020293296839925 0.08549704744671514
2 0.6347722909459838 0.6881912323114073 0.023390701659950924 0.0865724820057939
4 0.6777224586491688 0.6889978082307171 0.0286334451354572 0.08603476472625436
37 0.6131963851044772 0.6408721117119685 0.2368913475009483 0.2306807129222718
