7 0.4268827129993924 0.4977200044085183 0.029077287191612865 0.08112922105314163
5 0.45757540503498356 0.49915591982538815 0.029077287191612865 0.08112922105314163
0 0.48961426777389067 0.5005918352422581 0.016692516721112334 0.017948942710871208
12 0.5205761939501443 0.4991559198253881 0.029077287191612865 0.08112922105314163
2 0.5496534811417569 0.4991559198253885 0.024769540941003695 0.08112922105314163
3 0.41126713284093375 0.5910545065050529 0.029077287191612865 0.08112922105314163
1 0.44788297597111265 0.5889006333797484 0.029077287191612865 0.08112922105314163
3 0.4861142239452702 0.5910545065050529 0.029077287191612865 0.08112922105314163
7 0.5324224961393199 0.5910545065050529 0.029077287191612865 0.08112922105314163
4 0.5706537441134772 0.5917724642134877 0.02907728719161273 0.07969330563627193
37 0.48907579949256386 0.5429513400399156 0.2288490195636185 0.22328484732324816
