7 0.09459245502200064 0.6056562598233907 0.01290525222385346 0.04125534445858341
8 0.10811964711206384 0.6035831269360244 0.012905252223853459 0.04291385076847688
0 0.12257974900144182 0.6017173073373935 0.008240703227279817 0.008499844838203338
11 0.13703985089081994 0.600058801027502 0.01290525222385346 0.04291385076847595
11 0.1516554377467503 0.5987112646507146 0.012905252223853459 0.04270653747973992
4 0.08977242105887466 0.6539602560990191 0.01290525222385346 0.04125534445858341
6 0.10594285758032958 0.6516798099229161 0.013216222156958364 0.04208459761352947
6 0.12265749148471816 0.6497103336799183 0.013682677056615794 0.04229191090226578
3 0.14372570445257532 0.6474298875038157 0.013527192090063303 0.04312116405721209
4 0.16028485339041132 0.645149441327713 0.013371707123510847 0.041877284324793394
37 0.12336494808253173 0.6254961415554832 0.10450144601990255 0.12131973656865844
8 0.4850342642370873 0.5729471396441604 0.01212782739109123 0.03731639197258836
3 0.49887242626025524 0.571910573200477 0.012749767257300891 0.03731639197258835
0 0.5110002536513446 0.5693191570912662 0.006219398662094104 0.006426711950841866
13 0.5231280810424375 0.5681789340032181 0.012749767257300608 0.036072512240168185
3 0.5364997881659482 0.567142367559535 0.013060737190406018 0.03648713881764168
7 0.4787371230917126 0.6147207673245854 0.012283312357643614 0.03669445210637836
2 0.49490755961316757 0.6125439777928501 0.010106522825908862 0.037316391972588334
9 0.5109225111680702 0.611196441416063 0.012905252223853277 0.03627982552890479
10 0.5318352391693749 0.6085013686624872 0.013060737190405656 0.03627982552890447
7 0.5478501907242773 0.6069465189969627 0.013371707123510844 0.03731639197258767
37 0.5134880131161854 0.5905687691867711 0.09826649886114913 0.10324201779082748
10 0.5701932005931889 0.2834597666711605 0.004642232602136503 0.014023410985620544
34 0.5802755495259541 0.28258934805826 0.004642232602136503 0.014023410985620544
2 0.5851353867813157 0.2822024953414152 0.004642232602136503 0.014023410985620544
1 0.5750530378485506 0.29787003037362575 0.004642232602136503 0.014023410985620544
5 0.5828868053646558 0.2972897512983587 0.004642232602136503 0.014023410985620544
7 0.5889797356549599 0.29661275904388046 0.004642232602136503 0.014023410985620544
8 0.16504008623813016 0.24526521882462812 0.004136286796841624 0.01318816080152402
9 0.1697158887041255 0.2443060798572447 0.0041362867968416225 0.011909308845012855
0 0.1740020409646218 0.2436666538789896 0.002158062676615642 0.002477775665739721
11 0.17810835466873154 0.24210805305699065 0.004136286796841623 0.012308950081422571
1 0.16276213119059435 0.2600919086954324 0.0041362867968416225 0.0127885195651142
3 0.1675578260275123 0.258853020862562 0.0041362867968416225 0.012388878328704493
3 0.1731328212754293 0.25745427653512776 0.004136286796841623 0.01214909358685875
10 0.17996668641803712 0.25549603447671954 0.004136286796841624 0.012548734823268353
1 0.1856615740368772 0.25425714664384913 0.004136286796841623 0.01214909358685875
37 0.17443875492032576 0.2506097969212806 0.03317600543070579 0.04048993960855108
7 0.6882725746674646 0.2847528121445009 0.005266032608048619 0.011585271737706862
3 0.6934508400653789 0.28446025477738723 0.005266032608048619 0.011702294684552387
31 0.7023153282889274 0.2828804449949725 0.005266032608048619 0.011585271737706862
2 0.7079324297375125 0.2828804449949726 0.005266032608048618 0.012053363525088902
2 0.6925292843589707 0.29821045103173677 0.004125058876304527 0.012989547099853355
2 0.6986291054632935 0.29791789366462285 0.004212826086438987 0.012872524153007983
7 0.7063526199550979 0.29715724451012654 0.004914963767511969 0.011585271737706865
4 0.7124085574543537 0.2962795724087852 0.005266032608048616 0.012638478259316788
37 0.6984535710430252 0.2910135398007367 0.0387931068792905 0.03604306762842114
