7 0.3448964558269863 0.3271258174608914 0.057841808939703275 0.17289671150454716
10 0.4094445614553506 0.3271258174608916 0.057841808939703275 0.17289671150454716
0 0.47105866228242843 0.3250300997456865 0.03185490927114644 0.03877077773131947
16 0.5322536195664594 0.325030099745685 0.05868009602578592 0.17289671150454716
2 0.5988974429100309 0.3250300997456854 0.047782363906712366 0.17289671150454744
1 0.30465867569501937 0.5199318472599022 0.05784180893970339 0.16451384064372132
5 0.3809428005285404 0.520979706117505 0.057841808939703275 0.17289671150454716
2 0.46016093016335186 0.5220275649751096 0.04694407682062987 0.1728967115045477
2 0.5620128111223937 0.5220275649751089 0.05113551225104259 0.17289671150454736
8 0.6441649455584934 0.5262190004055217 0.057841808939703275 0.17289671150454716
37 0.4698012316533017 0.4256245500756034 0.48033850032536063 0.44743573219661653
