8 0.28859077499174546 0.3883310188781387 0.010517223926260134 0.03105085159181596
0 0.3128805540595359 0.38499221763170666 0.005509022056609481 0.007679242866793425
13 0.3233977779857969 0.38315587694616954 0.010517223926260123 0.029381450968600054
2 0.3346662321925049 0.38115259619831043 0.010517223926260134 0.03138473171645907
10 0.28470941854276866 0.42388925215263784 0.011769274393671907 0.03138473171645866
6 0.29885758882452346 0.4213851512178139 0.012019684487153948 0.03038309134252935
1 0.31300575910627865 0.4193818704699549 0.011268454206707188 0.029715331093242817
2 0.329532825276116 0.4162100092858445 0.009265173458848128 0.031384731716458884
2 0.3433053804176477 0.41437366860030705 0.009765993645812855 0.03238637209038861
8 0.30061045947890014 0.3868285583172442 0.010517223926260017 0.03138473171645909
37 0.3135065792932443 0.40202010398850985 0.08839476299928314 0.09114927402758945
7 0.5897964216757688 0.4064027514847586 0.011194917591776233 0.03088968002175375
1 0.6013023092006502 0.4049515584636024 0.011194917591776233 0.03088968002175375
0 0.6117198019596644 0.4029820822206045 0.005597458795887916 0.0070486518170446485
12 0.6220595522354023 0.4009089493332387 0.012283312357643466 0.029853113578070665
2 0.6345760920428749 0.398213876579663 0.01119491759177623 0.030267740155543857
2 0.6454600397015465 0.43065840626694113 0.009640067926251718 0.030889680021753723
5 0.5872309197276534 0.44237160708055895 0.010728462692118877 0.030682366733017143
7 0.600213914434783 0.4404021308375613 0.0118168574579861 0.030060426866807398
10 0.6140520764579512 0.4372924315065123 0.011194917591776226 0.030060426866807387
7 0.6312331652619972 0.4333534790205168 0.011661372491433725 0.030475053444280534
37 0.6142853039077801 0.4191525187420597 0.08815997603523985 0.09246172677652438
8 0.8891528842669875 0.198321206749066 0.005490453364361372 0.01573151176739053
3 0.8954610647281686 0.19777605535118614 0.00549045336436137 0.01619878439414474
0 0.9008931090141848 0.19652999501317514 0.002803635760522301 0.004049696098535904
4 0.887400611916659 0.21662271796360447 0.005724089677738459 0.015575754225139134
8 0.8934751560644636 0.21514302131221627 0.005490453364361372 0.01573151176739053
7 0.47059558251462674 0.13769548250884914 0.005503004075410684 0.01583320470819927
2 0.47677439410807027 0.13653695533507845 0.005503004075410684 0.01583320470819927
0 0.4815050467343019 0.13582896650666249 0.002606686140986337 0.003346856279783009
16 0.4865253311539734 0.13370500002141672 0.00550300407541068 0.014545952292898623
5 0.4690026076506922 0.15713299397989006 0.004827196557378134 0.015833204708199232
4 0.47547105103757836 0.15603882942688485 0.0055995480065582385 0.016219380432789452
8 0.4816981345965963 0.15455848914928885 0.004923740488526302 0.016605556157379887
9 0.49806233092610663 0.15211270956021755 0.005213372281968014 0.015833204708199267
37 0.4823739421146286 0.14516154651759355 0.04450675225902365 0.04904431702295863
8 0.6033492041837208 0.059031746805987016 0.003099217788357762 0.008792107201016013
11 0.6138997328249401 0.057493128045809236 0.0030992177883577615 0.008528343984985547
11 0.6174605362413513 0.05705352268575842 0.0030992177883577615 0.008704186129005859
2 0.6026238553396367 0.06892286740712997 0.0029673361803422816 0.00940755470508714
10 0.6068770371981299 0.0682634593670538 0.003560803416411581 0.008967949345036311
4 0.611064278252613 0.06756009079097253 0.003362981004387397 0.008792107201016029
3 0.616372512975226 0.06690068275089633 0.0032970402003809833 0.00870418612900587
8 0.6199003459896332 0.0662852352468252 0.0030992177883577628 0.009055870417046478
8 0.6071737708161629 0.05832837822990571 0.003099217788357762 0.008792107201016013
0 0.6105037814185504 0.05788877286985491 0.001846342512218142 0.0022859478722642135
37 0.6112950710666387 0.06263651075840355 0.0263763216030482 0.026552163747068317
8 0.696185525139819 0.0661857669028242 0.002972538122057083 0.009067742554152117
0 0.7030088512836342 0.06468448502299787 0.001666422886617121 0.002101794631756769
15 0.7059588701774908 0.0639938953582776 0.0035129995987928262 0.0090076912789591
11 0.709561946689073 0.06372366461990873 0.0029725381220570813 0.008947640003766013
1 0.6955775059784897 0.07567386838332783 0.003467961142402373 0.008467229802221672
9 0.6996084478258235 0.07501330435620415 0.0033328457732172507 0.008347127251835524
9 0.7035943512167634 0.07438276596667709 0.0032878073168214716 0.008166973426256314
10 0.7085260621919943 0.07330184301320204 0.0036030765115853763 0.008166973426256347
7 0.7126020424957225 0.07279140717406099 0.00328780731682172 0.008227024701449351
1 0.6998336401077978 0.06525497213733177 0.00351299959879274 0.008647383627800705
37 0.7037519858141452 0.06921835630007385 0.025942150883404295 0.02678286873610511
8 0.940440925499906 0.11802606301064494 0.0035422745954507458 0.009664051716819168
4 0.944228434490426 0.11737210462379245 0.003705764192163655 0.008646783115048622
0 0.9473347368279746 0.11620951193605457 0.0018528820960809793 0.0023978474184594752
22 0.9500323151737414 0.11519224333428443 0.0035422745954507458 0.009664051716819168
2 0.9534655967047165 0.11435662983997273 0.003106302337548927 0.008283472900130356
4 0.942729779853889 0.12714514940508695 0.004087239917827373 0.0074115283843270855
7 0.9469805093684299 0.12630953591077565 0.0038692537888771537 0.008501459029081697
6 0.9512857354152082 0.12492895709408716 0.00408723991782856 0.008646783115048951
9 0.9558634441231755 0.12380269542784125 0.003760260724401752 0.007992824728196547
37 0.9491876189240568 0.1195882969347922 0.026594307731998546 0.02586768730216231
7 0.6301697287540621 0.021765584693724815 0.0027248266118849794 0.007464373506497429
2 0.632869784214929 0.021435302680162967 0.00227894589357641 0.006803809479373765
15 0.6376506163612372 0.02060959764625838 0.0027248266118849785 0.007134091492935588
11 0.6404497564261736 0.020411428438121236 0.0023780304976447797 0.006869865882086096
1 0.629228425015411 0.02982446582463353 0.002823911215953527 0.006671696673949
8 0.6320771073823817 0.029296014602934597 0.002278945893576502 0.006671696673948995
9 0.6355946108268148 0.028833619783948005 0.002477115101713152 0.006671696673948989
1 0.6395579949895569 0.027908830145974894 0.00267528430985079 0.006671696673949007
3 0.6431002695850071 0.027545519931056885 0.002724826611884977 0.006869865882086113
37 0.6357680088839331 0.025200517634767845 0.019767378511675707 0.019882977216422296
10 0.7419388111788338 0.01567338282538884 0.0022519228197399265 0.005404614767375468
18 0.7475010605435908 0.014832664972686005 0.0020267305377659507 0.005404614767375472
11 0.7497304641351333 0.014652511147106806 0.0022519228197399265 0.005404614767375468
1 0.7416010227558728 0.021678510344694923 0.0022969612761347237 0.005164409666603242
9 0.743943022488402 0.02134822833113308 0.0019366536249765256 0.005104358391410196
8 0.745992272254365 0.020717689941605947 0.0020717689941607462 0.005404614767375472
10 0.7489422911482247 0.020687664304009458 0.002206884363345139 0.005104358391410178
8 0.7512617716525567 0.020177228464868392 0.0018916151685815653 0.005404614767375472
3 0.7441907339985735 0.015373126449423543 0.002071768994160746 0.005404614767375471
37 0.7460598299389577 0.01786525436993556 0.015268036717835349 0.015913587926161085
