7 0.3627794056106366 0.37258593561936126 0.05532694768145526 0.15560704035409248
10 0.4231779901628917 0.37258593561936126 0.054404831886764225 0.15560704035409248
0 0.4831155168178015 0.38180709356627074 0.028585589635418997 0.03342669755754512
21 0.5435141013700564 0.3720096132476795 0.05717117927083699 0.16137026407091054
6 0.6062179754090395 0.37143329087599747 0.057171179270836155 0.16252290881427423
8 0.36508469509736385 0.551245870840727 0.05071636870800056 0.15560704035409248
10 0.44346453764609195 0.5489405813539994 0.05071636870800056 0.15560704035409248
1 0.5236886117842018 0.5512458708407266 0.05071636870800056 0.15560704035409248
10 0.6066790333063844 0.557009094557545 0.05071636870800056 0.15560704035409248
37 0.4904924431753287 0.4624922256017257 0.43431653929942227 0.418410041841004
