8 0.43155911361796856 0.7076738578838119 0.04208913086411051 0.07315010003546146
8 0.47607646357039307 0.7046385840234194 0.04208913086411051 0.07315010003546146
0 0.5226173294297461 0.7006927280049114 0.02185397179482686 0.014265787143840431
13 0.5655158666566279 0.6973539267584773 0.043707943589653304 0.07011482617506859
2 0.6090214586555885 0.6931045433539278 0.03520917678055422 0.06950777140298993
5 0.416989799088084 0.7937238718259421 0.04208913086411051 0.06981129878903035
9 0.4712200253937651 0.7887156699562939 0.04451734995242454 0.07254304526338273
3 0.5284855255598386 0.7852251050168426 0.0441126467710391 0.07163246310526576
2 0.596880363214018 0.7768781019007635 0.03520917678055427 0.0701148261750697
10 0.6505035347476203 0.7724769548031937 0.04532675631519563 0.07102540833318657
37 0.5277327776424611 0.743323149374122 0.3359279227409957 0.20273201168334076
