7 0.17021705802453657 0.5892953736306882 0.018536434780330843 0.016476830915849713
3 0.18989771717402365 0.5895528241137482 0.018536434780330843 0.016476830915849713
0 0.21095144556649756 0.5892953736306881 0.011671088565392255 0.004376658212022741
24 0.23005999253140716 0.5896815493552774 0.021511418140137108 0.016476830915849696
2 0.25111372092388173 0.5894884614929818 0.015103761672862214 0.017120457123500164
6 0.15328253736102423 0.60924778606785 0.022655642509293136 0.01776408333115011
8 0.17765451642405197 0.60937651130938 0.020596038644811993 0.017506632848090432
5 0.20042458137026048 0.6093121486886147 0.018536434780330808 0.018150259055740674
4 0.23337824320196007 0.6094408739301449 0.01853643478033082 0.01737790760656035
4 0.25900886907105947 0.6102132253793253 0.018536434780330818 0.017377907606560227
37 0.2080908846436072 0.5999152060569194 0.15927603218654604 0.04852941605683802
8 0.6653521307051927 0.49971451663092487 0.012083009338289595 0.013310189974209668
3 0.6781903281271255 0.49971451663092487 0.012083009338289595 0.013310189974209668
0 0.6885112319369145 0.4992897233338764 0.00654496339157321 0.0033983463763926345
13 0.6990838651079181 0.4990773266853511 0.012083009338289591 0.012602201145794184
2 0.7104116863625647 0.4994313210995599 0.008558798281288532 0.013310189974209668
4 0.6581778439105831 0.513166304370818 0.011327821254646481 0.012460603380111552
1 0.6716453647355521 0.513166304370818 0.011076091893432343 0.012743798911477724
3 0.6843576974768776 0.5130955054879767 0.01032090380978889 0.01288539667716061
3 0.7016011587200619 0.5128123099566102 0.010572633171003263 0.012885396677160604
7 0.7154462735868519 0.5128123099566102 0.010572633171003487 0.012885396677160665
37 0.6870980521171259 0.5059935568512484 0.08543820384296355 0.03448939258072556
