7 0.39778570002787256 0.4997962448486345 0.012183701082775843 0.011136664270974421
3 0.4108831786918561 0.49962491155215794 0.012183701082775843 0.011136664270974421
15 0.4343368032761989 0.4991965783109665 0.01218370108277584 0.011993330753357224
2 0.4466728006225093 0.49893957836625186 0.010051553393289992 0.011136664270974421
3 0.38742955410751345 0.5135885752149953 0.012183701082775843 0.011307997567450954
1 0.40296377298805214 0.5129889086773274 0.012183701082775843 0.011136664270974421
2 0.41773651055091743 0.5125605754361362 0.010051553393290204 0.011650664160403858
3 0.43768732107396224 0.5121322421949447 0.012183701082775843 0.011136664270974421
8 0.45230776237329295 0.5120465755467064 0.012183701082775842 0.011993330753357076
37 0.4197163619768682 0.5061355768182662 0.09503286844564883 0.034095325998829557
