7 0.6603466847718914 0.47315854497144877 0.020202691415899317 0.03625909420003259
3 0.6806740841594935 0.46973787570729564 0.019454443585679864 0.036259094200032586
0 0.6990061559998492 0.4655190502815095 0.008729558019224235 0.006841338528299986
12 0.7159664401514761 0.46403676026705293 0.022198018963145806 0.03625909420000452
2 0.7369173793975805 0.45993195715005436 0.01770853198183678 0.03625909420003259
2 0.6556077818471746 0.5154608215381526 0.020202691415899324 0.037399317288084356
8 0.6783046326971345 0.5115840630387785 0.020202691415899324 0.03876758499374455
6 0.7334255561898944 0.5021202114079524 0.021200355189524393 0.036259094200032586
2 0.7579930266154007 0.4991556313790192 0.01795794792524317 0.03625909420003259
37 0.7028721031226403 0.48786742280731027 0.1491507341568804 0.11265404109946987
8 0.13418463369984326 0.26911339980081295 0.013783223303889773 0.02534600005727185
6 0.148742195391592 0.26798061767534825 0.013783223303889772 0.02534600005727185
0 0.16012496969311876 0.26713103108125014 0.00588497174772781 0.004955921798907269
15 0.17150774399464588 0.2655734556587361 0.012544281883315404 0.025346000057271823
2 0.18358742284524596 0.264865466830321 0.01099560510759742 0.025346000057271847
5 0.13232622156898166 0.2975745507031131 0.01223454652817181 0.023930022400441245
1 0.1464191802280151 0.2958045786320742 0.013783223303889772 0.023788424634758026
6 0.16159621263005097 0.2936098132639864 0.013783223303889768 0.024213217931807255
3 0.1814192753592407 0.29233543337283857 0.013783223303889772 0.02421321793180721
7 0.19644144008370484 0.2906362601846417 0.013783223303889766 0.023646826869075085
37 0.16324273495932623 0.2803958539809211 0.09328156283390075 0.07174283670018838
37 0.4680471428289081 0.16354671057181583 0.05240057853371291 0.03962976350203119
