7 0.28717699479161873 0.37519166640259166 0.05088579105360357 0.14692376290124956
5 0.34092959097500275 0.3742957897995352 0.05088579105360357 0.14692376290124956
0 0.39826569357061176 0.37250403659342196 0.029384752580248842 0.028668051297805395
18 0.45775190001355726 0.3698164067842531 0.052319193618493826 0.15588252893181367
3 0.5204632622275052 0.36936846848272487 0.053035894900938796 0.15677840553487
2 0.28574359222672846 0.5463040975863642 0.0451521807940426 0.14692376290124956
6 0.36458073329569174 0.5471999741894205 0.05088579105360357 0.14692376290124956
6 0.43983436795242936 0.5485437890940051 0.0508857910536036 0.15140314591653148
8 0.5201049115862829 0.5471999741894207 0.050885791053603587 0.15229902251958813
37 0.40758281024239906 0.45806025218530877 0.41927025023039555 0.41299911400900086
