4 0.367906326066992 0.6566352984494189 0.03150162738744637 0.03286122939763843
1 0.4022350225789527 0.6571369966081615 0.03150162738744637 0.03286122939763843
11 0.4365637190909134 0.6591437892431317 0.03150162738744637 0.03286122939763843
0 0.46261314173822404 0.6598963364812441 0.014943079658146225 0.006772925143027084
1 0.4898741654388996 0.6606488837193594 0.03150162738744637 0.03286122939763843
5 0.5254144630042237 0.6608997327987309 0.03150162738744637 0.03286122939763843
2 0.5603489600428656 0.661150581878101 0.019789483871600164 0.03286122939763836
9 0.6049762655084152 0.6614014309574734 0.03150162738744637 0.03286122939763843
1 0.640920430091527 0.6616522800368446 0.03150162738744637 0.03286122939763843
37 0.5052211121148352 0.6571369966081619 0.34571016722633446 0.060956326287222994
