11 0.013904648860717518 0.5819493370606367 0.01909795144725056 0.022050595256529398
23 0.03869848056416566 0.5821378036867602 0.022448469245013824 0.022050595256529398
4 0.020103106786579544 0.6068269317090276 0.022113417465237498 0.021296728752032236
9 0.04824745628779094 0.6066384650829041 0.02144331390568483 0.022050595256529394
37 0.039033532343942 0.5951420008893303 0.07806706468788399 0.058236187472371456
6 0.5075518082728533 0.4496870541160007 0.011831279977075441 0.012460603380111264
10 0.5213969231396437 0.44982865188168375 0.011831279977075441 0.012460603380111264
26 0.5460664005386522 0.4496870541160007 0.011831279977075441 0.012460603380111264
3 0.5601632447666567 0.4498286518816838 0.011831279977075441 0.012460603380111264
10 0.49798609254670745 0.4637052329186259 0.011831279977075441 0.012460603380111264
1 0.513341583580784 0.46398842844999194 0.011831279977075441 0.012460603380111264
6 0.5302074507821468 0.4639884284499921 0.011831279977075441 0.012460603380111264
1 0.5498423409568676 0.4639884284499921 0.011831279977075441 0.012460603380111264
3 0.5667082081582303 0.4639884284499921 0.011831279977075441 0.012460603380111264
37 0.5327247443942903 0.4570501379315208 0.10094347384696219 0.035682636952136686
