6 0.37963987633398233 0.4635325016831738 0.061658248053816714 0.09302508936026359
10 0.4412981243877986 0.45923076344686103 0.061658248053816714 0.09302508936026359
0 0.49901311239166246 0.4519715801730836 0.03799868775409814 0.020433256622484824
15 0.5542187530910085 0.44498125553907497 0.06380911717197307 0.09893997943519356
3 0.6169524357039031 0.4379909309050668 0.06165824805381667 0.09463824119888083
3 0.37426270353859137 0.5726891094296099 0.06380911717197323 0.09302508936026356
1 0.44058116801507985 0.5640856329569847 0.061658248053816714 0.09302508936026359
5 0.5126352834733188 0.5549444392048198 0.05663955344478518 0.0930250893602635
7 0.5954437445223393 0.5452655281731164 0.061658248053816714 0.09302508936026359
2 0.6667809036078599 0.5388129208186471 0.04946998971759855 0.0930250893602635
37 0.5119183271005998 0.5033235803690669 0.45956903491274725 0.2790752680807905
