3 0.1428606195856509 0.7065960496912962 0.061495376877280385 0.05949743821141553
10 0.2034690439118165 0.7054942452799731 0.0561736615705928 0.05949743821141552
11 0.26555572248984 0.7034742705258807 0.0502606445631618 0.06059924262273844
0 0.30635553984111247 0.7014542957717889 0.024243369730466063 0.01322165293587416
5 0.3530683741998157 0.6992506869491457 0.05144324796464771 0.06023197448562965
7 0.408355083219294 0.6959452737151781 0.055582359869849905 0.05949743821141553
6 0.46718960244323005 0.6944762011667468 0.053808454767619904 0.059497438211415475
2 0.5446501252405737 0.6922725923441003 0.03370419694235527 0.06023197448563037
2 0.5978672783074505 0.6893344472472407 0.03606940374532708 0.05949743821141552
37 0.3663726624665348 0.6979652484692687 0.5652844259103839 0.10614049162406544
