9 0.43719831123644437 0.5161833325575159 0.059832662041962144 0.0913235368008896
6 0.4980806691037044 0.5098851576057303 0.059832662041962144 0.0913235368008896
0 0.556338787407717 0.5031933467194548 0.03359026640951628 0.022830884200228718
28 0.6145969057117358 0.49728880770215894 0.06193205369255727 0.09289808053883601
4 0.6775786552295914 0.49256517648831993 0.059832662041962144 0.0913235368008896
10 0.45924192356769344 0.620496855196463 0.05983266204196211 0.0889617211939698
2 0.5327206313385241 0.6114432287032705 0.051435095439581115 0.09132353680088942
5 0.6208950806635218 0.6019959662755935 0.059832662041962144 0.0913235368008896
3 0.6985725717355433 0.5949105194548346 0.059832662041962144 0.0913235368008896
37 0.5684102893986376 0.5539723822682255 0.45451829235384944 0.2692469791888246
