8 0.22367885788902903 0.5687780849335574 0.01824927052426117 0.048664721398029805
7 0.24446797534192385 0.5601237916952468 0.021071322667188183 0.04289519257248987
0 0.26008333053278665 0.5528491683934805 0.007901746000194445 0.009783114095480352
12 0.2734410440093076 0.546703365948883 0.018437407333789596 0.04414943796934673
2 0.29056149367639494 0.5331575156628339 0.01542721838133403 0.033613776635752664
9 0.23035771462728882 0.6202021462046708 0.019566228190960322 0.04164094717563338
10 0.2503942848420703 0.6104190321091898 0.02050691223860259 0.04164094717563312
4 0.27061899186638083 0.6007613425533959 0.02031877542907426 0.04239349441374774
1 0.29526491391460896 0.5882188885848314 0.020695049048131287 0.040888399937519936
5 0.31567775774844775 0.5784357744893521 0.018249270524261108 0.04038670177877723
37 0.2643844202038217 0.5773073299058001 0.14148170281754865 0.15592201820836535
8 0.5740046224026067 0.48723515915788346 0.012793303047935134 0.03863075822317835
1 0.5887733619505909 0.48221817757045676 0.01486280795274782 0.0386307582231783
0 0.6004378441413535 0.4770757714433438 0.006208514714433232 0.008278019619256996
14 0.6116319843082993 0.4721842143956047 0.016179765619446316 0.038630758223178255
2 0.626494792261046 0.46729265734786557 0.012793303047935113 0.03587141835009492
6 0.5762622641169461 0.5295032290319436 0.016556039238502806 0.03637311650883621
4 0.5924420297363938 0.5242353983651474 0.015050944762276013 0.03486802203260864
2 0.6076811113082007 0.517587897761809 0.012793303047935125 0.03662396558820779
3 0.6263066554515182 0.5089336045234983 0.015050944762275817 0.03386462571512312
1 0.6418279422376147 0.5027878020789014 0.015615355190863196 0.03411547479449412
37 0.6051412643795644 0.49726912233273446 0.10592102376452575 0.12391944520941532
