7 0.33345275895047416 0.41174011845996306 0.05045577028413639 0.15274696082111633
6 0.39179224334150703 0.41075465419660095 0.05045577028413639 0.15274696082111633
0 0.44934335632185 0.4166674397767716 0.026804627963447222 0.030549392164226283
34 0.5084712121235726 0.41075465419660095 0.05045577028413639 0.15274696082111633
5 0.5691758107466743 0.4068127971431528 0.05045577028413639 0.15274696082111633
5 0.3326643875397845 0.5851818288116821 0.05045577028413639 0.15274696082111633
5 0.4091364143766789 0.5871527573384063 0.05045577028413639 0.15274696082111633
3 0.48876192685633185 0.5861672930750441 0.05045577028413639 0.15274696082111633
5 0.567599067925295 0.5881382216017683 0.05045577028413639 0.15274696082111633
37 0.45328521337529826 0.5014173664259086 0.4257205617724016 0.4089676692952473
