7 0.19141019851106747 0.358875675641077 0.01227047713051963 0.03358475277532935
3 0.20414664312755626 0.35597328959876434 0.01227047713051963 0.03358475277532935
0 0.2161841365150907 0.3520343371127677 0.006523544803566039 0.0062193986621008005
26 0.22829929115028777 0.34954657764792935 0.013047089607134722 0.035243259085222474
2 0.24111339701443807 0.3461259083837749 0.008542737242767101 0.03462131921901246
7 0.18162488130571627 0.3981615438566626 0.012270477130519628 0.030889680021754122
3 0.19638051836140438 0.3953628144587188 0.011959832139873417 0.03358475277532934
5 0.2112138166647541 0.3912165486839865 0.011183219663258219 0.032340873042909356
10 0.23148340230441022 0.38665565633178145 0.01227047713051963 0.03358475277532935
10 0.24686032934139057 0.38292401713452273 0.01227047713051963 0.03358475277532935
37 0.2150192178001683 0.37224738276458696 0.09521268963301921 0.10842485000924493
8 0.5806633673348635 0.3659297638193243 0.013823702083749455 0.03586519895143204
0 0.6083107715023619 0.36261275119953856 0.007300157280179196 0.00725596510578122
17 0.6215131836048209 0.3607469316009089 0.013823702083749587 0.032962812909119295
2 0.6356475306792168 0.3583628287804381 0.009474672214705705 0.033170126197856725
6 0.5683928902043431 0.4053192886792787 0.014444992065040529 0.03420669264153931
10 0.5854783646898771 0.40334981243628093 0.01351305709310338 0.033584752775329296
3 0.6022531941847649 0.40148399283765146 0.01506628204633408 0.03441400593027554
3 0.6247749560066047 0.39764869699602434 0.014755637055687807 0.03420669264153909
10 0.6426370429687533 0.39484996759808005 0.014444992065041018 0.034414005930275375
8 0.5957296493811978 0.36489319737564135 0.013823702083749455 0.03586519895143204
37 0.6069905302921175 0.38116729054146425 0.10872574672612215 0.10116888490346067
