9 0.1313402976723198 0.6221869923866727 0.020773210346132238 0.022615995134901853
4 0.15244855979822836 0.6229408588911693 0.02077321034613224 0.023746794891647036
0 0.1717140371353669 0.6229408588911691 0.011056708732618416 0.0056539987837256975
13 0.19131456625228221 0.6238831920217903 0.021443313905684883 0.02336986163939867
11 0.21225530248830243 0.6245428252132252 0.01909795144725032 0.02393526151777105
3 0.11039956143629943 0.6482896201048721 0.021778365685461144 0.023181395013274573
7 0.13603102258918834 0.6485723200440584 0.020773210346132238 0.022615995134901853
1 0.16216506141174178 0.6495146531746792 0.020773210346132238 0.022615995134901853
3 0.1950001358298218 0.6504569863053002 0.023453624584342848 0.02299292838715031
7 0.22113417465237517 0.651399319435921 0.020773210346132238 0.022615995134901853
37 0.16920114878704468 0.6360392894068004 0.16618568276905785 0.0650209860128434
7 0.7353425752021863 0.44767231136525154 0.011026162102778679 0.010415042269251962
3 0.7469928596881403 0.4479063572589426 0.011026162102778679 0.010415042269251962
24 0.7700853878656571 0.44767231136525154 0.011026162102778679 0.010415042269251962
2 0.78256783552918 0.44778933431209794 0.00852967257007361 0.010415042269251962
6 0.7263968210433285 0.4592575831029583 0.011026162102778679 0.010415042269251962
8 0.7399194726788113 0.4591405601561128 0.011026162102778679 0.010415042269251962
5 0.7548984098750381 0.45878949131557634 0.011026162102778679 0.010415042269251962
4 0.7734140405759297 0.45937460604980385 0.011026162102778679 0.010415042269251962
4 0.7888090593609408 0.45890651426242174 0.011026162102778679 0.010415042269251962
37 0.7585391237768987 0.4535234587075278 0.09153794953249855 0.027032300721315995
37 0.9729110636050836 0.39954391035482345 0.054177872789831966 0.02280446176102625
