7 0.3976577711304071 0.49027155892865204 0.03145646085303697 0.09410052391934197
6 0.4311306717817158 0.49188471076726936 0.03145646085303697 0.09410052391934197
0 0.46762823213043186 0.5007570458796633 0.014115078587900995 0.01935782206340882
30 0.5033192165598395 0.4972618835626604 0.03145646085303697 0.09410052391934197
2 0.5390102009892468 0.5004881872398947 0.02782686921614804 0.094100523919342
1 0.39927092296902417 0.5924378420410801 0.03145646085303699 0.08657248200579466
7 0.4448424624099627 0.5945887111592365 0.03145646085303695 0.08872335112395092
1 0.49081728981055534 0.5980838734762404 0.03145646085303695 0.09033650296256795
2 0.5373970491506295 0.6031921876318617 0.024600565538913495 0.09410052391934196
37 0.4692413839690493 0.5453875800814096 0.25608785438049425 0.25487799050153126
