7 0.39263786375601906 0.4984373373949837 0.03415849018272104 0.09954759996107267
5 0.4297242245258305 0.4990879753032261 0.03415849018272104 0.09954759996107267
0 0.46900648823595925 0.5062449922938906 0.016103288228995875 0.01886849933902804
16 0.5053608813589983 0.5059196733397697 0.03708636076981105 0.10149951368579932
2 0.5424472421288095 0.5088475439268598 0.02732679214617727 0.09954759996107249
1 0.3679949529813411 0.6096964197044178 0.03269455488917526 0.09694504832810341
7 0.4131329578656515 0.6116483334291447 0.0331825333203572 0.09694504832810338
6 0.457538995103189 0.6149015229703564 0.03415849018272104 0.09954759996107267
2 0.5134125254734965 0.6207572641445356 0.025862856852632503 0.09954759996107257
1 0.5609904225137151 0.6217332210069004 0.03415849018272102 0.09759568623634599
37 0.46925047745155063 0.5573200680909123 0.2761957920488585 0.2823768521771606
