3 0.4269531462999343 0.35105716862566555 0.021001084924964247 0.027342549651470448
10 0.4493677657871558 0.35155886678440806 0.01978948387160083 0.027342549651470448
11 0.470570784221014 0.35180971586377935 0.021001084924964247 0.027342549651470448
0 0.48935060054814494 0.35155886678440795 0.009288941409117658 0.0057695288255398955
5 0.506111081786338 0.35206056494315063 0.021001084924964247 0.027342549651470448
7 0.5291315018002412 0.3530639612606358 0.021001084924964247 0.027342549651470448
3 0.5505364537429933 0.3525622631018932 0.021001084924964247 0.027342549651470448
10 0.5792110120059246 0.35256226310189315 0.02100108492496423 0.026339153333985333
5 0.6018275650020404 0.352311414022522 0.021001084924964247 0.027342549651470448
37 0.5151980896865628 0.3509317440859798 0.21445338644530762 0.042644343493118984
