7 0.33112339900264814 0.49587405574818705 0.05700352185362046 0.1697531349317373
9 0.3965097917170951 0.4948261968905838 0.057003521853620474 0.1697531349317373
0 0.46189618443154495 0.5053047854666193 0.026825186754650718 0.031435765728095026
23 0.5293782948611961 0.49535012631938585 0.06454810562836376 0.1749924292197532
8 0.5989561230060569 0.4937783380329814 0.06119495728403393 0.17813600579256333
1 0.3327999731748134 0.6886800855471974 0.057003521853620474 0.1697531349317373
8 0.41620953824003765 0.6897279444048007 0.057841808939703136 0.1697531349317373
6 0.5059062564508818 0.6933954504064128 0.05951838311186841 0.17289671150454672
4 0.5989561230060567 0.6939193798352145 0.0611949572840336 0.17184885264694386
37 0.46902162466324454 0.5948967177917004 0.4769853519810296 0.4579143207726491
