7 0.3716126652604401 0.48033049849408394 0.04953514599579321 0.13526905252697344
7 0.42800652377872767 0.48223569641699887 0.051059304334125304 0.13526905252697344
0 0.4790658281128533 0.4836645948591851 0.02514861258248047 0.02572017195935455
16 0.5331734491236424 0.48318829537845664 0.04953514599579321 0.13526905252697344
18 0.5888052284727637 0.48509349330137186 0.04953514599579321 0.13526905252697344
10 0.37847137778293466 0.6284596370007342 0.0495351459957932 0.13050605771968565
3 0.4478205821770451 0.6313174338851071 0.0495351459957932 0.12669566187385506
10 0.5156456282328231 0.631793733365836 0.04953514599579319 0.12574306291239765
7 0.5872810701344318 0.6327463323272934 0.0495351459957932 0.12574306291239773
37 0.48249518437410005 0.5551095169685024 0.397805326304677 0.35722461054658505
