7 0.3118549511854952 0.37099023709902373 0.06806136680613671 0.20083682008368212
6 0.38661087866108795 0.3695955369595538 0.06806136680613671 0.20920502092050225
0 0.46080892608089263 0.3668061366806136 0.03347280334728009 0.04463040446304089
17 0.5361227336122735 0.3654114365411437 0.06806136680613671 0.20083682008368212
2 0.6186889818688984 0.366108786610879 0.05913528591352881 0.21059972105997216
1 0.2705718270571827 0.5983263598326362 0.06806136680613672 0.1813110181311023
5 0.36206415620641574 0.5990237099023712 0.06806136680613671 0.19107391910739233
10 0.4546722454672247 0.5990237099023711 0.06806136680613672 0.19386331938633217
5 0.5751743375174339 0.6011157601115761 0.06806136680613671 0.20083682008368212
3 0.6733612273361228 0.6066945606694563 0.06806136680613671 0.20083682008368212
37 0.46806136680613664 0.48047419804741975 0.5679218967921896 0.5313807531380753
