3 0.25358807709311976 0.28324288673154896 0.04300376005404207 0.043070536078970795
10 0.29632306364682376 0.28574698766637263 0.040316025050664506 0.04073337520646849
11 0.3425521057049194 0.2879172084765531 0.03709074304661155 0.04307053607897075
0 0.37131087024105885 0.2900874292867335 0.018276598022965117 0.00934864349001062
1 0.4051763312836183 0.28992048922441244 0.0408535720513398 0.04106725533111145
3 0.4484488648379982 0.2899204892244124 0.03924093104931286 0.04240277582968404
4 0.4903775308906892 0.28858496872583966 0.03816583704796199 0.042402775829684124
5 0.5468199659616196 0.28591392772869406 0.03816583704796194 0.04307053607897075
4 0.5917051405180261 0.2840775870431568 0.03977847804998938 0.04206889570504098
37 0.4180774592998317 0.28457840723012184 0.41821156652555996 0.07111646654899827
