7 0.3615940844326493 0.5199148638732928 0.06298174951785412 0.093041220878649
3 0.4245758339505044 0.5127578468826275 0.06298174951785412 0.093041220878649
0 0.4751520873512053 0.5038115756442952 0.03244514369101323 0.025049559467328973
24 0.5285911475481737 0.4959388569545638 0.06870736311038546 0.09805113277211454
2 0.5906186281339404 0.4873504365657655 0.05343906019696756 0.09232551917958247
2 0.3496657227815401 0.6287015221314061 0.05439332912905528 0.09304122087864887
6 0.42028162375610506 0.6211866542912076 0.06966163204247494 0.0937569225777155
9 0.4947146004590236 0.6133139356014755 0.06584455631412002 0.09089411578144871
6 0.5853701490074525 0.5986420507706114 0.0658445563141199 0.09304122087864891
3 0.6621887980405942 0.5922007354790128 0.06679882524620871 0.09304122087864891
37 0.4904203902646248 0.555699948826619 0.4733173903159995 0.2877120830247453
