7 0.34638511802882666 0.49074056600400806 0.03296825899247551 0.10129378125224382
7 0.3865203898457535 0.49169616771393476 0.03296825899247551 0.10129378125224382
0 0.42486390845656774 0.4974297779734962 0.01648412949623827 0.021023237618389822
22 0.46034062193760095 0.4983853796834228 0.03296825899247551 0.10511618809195125
2 0.49904249118963717 0.5002965831032763 0.03296825899247551 0.10129378125224382
2 0.32201727442569256 0.6015903643555203 0.03296825899247551 0.10129378125224382
3 0.3707529616319608 0.6054127711952274 0.03296825899247551 0.10129378125224382
3 0.41662184370844857 0.608279576325008 0.03296825899247551 0.10129378125224382
1 0.4746746475865033 0.6116241823097517 0.032968258992475505 0.0984269761224631
7 0.520543529662991 0.6159243900044226 0.03296825899247551 0.10129378125224382
37 0.4237888565328997 0.5533324780042155 0.28381370784826776 0.2742576907489997
