6 0.3355761612530944 0.4381591451137371 0.04774361585442967 0.07231509619646725
10 0.3833197771075242 0.4310892334744172 0.045871317193471504 0.06867914163910326
0 0.4280209076378977 0.4236153268842795 0.019191061274821335 0.013331833377003275
16 0.4640626568613386 0.41351545311382354 0.04540324252823182 0.07473906590137677
3 0.5155508700376853 0.40785952380236795 0.0547647358330222 0.07231509619646725
3 0.33534212392047474 0.5278460241953895 0.05195628784158534 0.07231509619646725
6 0.38729841176205987 0.5151201832446145 0.05195628784158534 0.07433507095055852
6 0.4420631475950823 0.5040103220971124 0.053828586502543276 0.07473906590137668
10 0.5143806833745859 0.4914864786217465 0.04961591451538772 0.07069911639319407
3 0.5710177178685661 0.4817905998021081 0.05523281049826211 0.07231509619646725
37 0.44716354658859686 0.46421395107736335 0.37486354020530605 0.24251049307213124
