6 0.41745616727734863 0.543070751360934 0.03556817978384837 0.06222311413804764
10 0.4516157062776783 0.5398837138075213 0.030637937041532736 0.060705477207850446
0 0.48454268459242916 0.5354825667099515 0.016199369010465668 0.012444622827610958
17 0.5179979032009994 0.5307778922263432 0.030990097237412518 0.060705477207850495
3 0.5526856824951486 0.5260732177427339 0.03204657782505141 0.06222311413804763
3 0.40653920120507836 0.6189525978707486 0.03556817978384837 0.06222311413804764
7 0.4472137038291823 0.6122749953778845 0.031694417629171905 0.06161605936596872
5 0.49000116762856427 0.6062044476570986 0.029933616649773523 0.05979489504973329
4 0.5398318353455399 0.6001338999363142 0.03380737880444979 0.06100900459389006
2 0.5789216170881858 0.5946704069876065 0.027468495278616147 0.06222311413804762
37 0.49299452929354165 0.5697811613323887 0.2605985449509686 0.19091872581869185
