6 0.3061462620175771 0.5057256814442347 0.04608337530648235 0.0689007166309119
10 0.3559163073485779 0.5081539005325488 0.04608337530648235 0.0689007166309119
0 0.4059167695561112 0.5102785922348234 0.030875861455343788 0.013051677599688784
17 0.45545639801057974 0.5117962291650197 0.04884837782487143 0.07072188094714754
3 0.5066089446007749 0.5146797393323922 0.05161338034326029 0.07163246310526558
10 0.2787266537102203 0.5832769285772652 0.042857539035028716 0.06616897015655862
8 0.3351787884606611 0.5855533839725586 0.04977004533100105 0.06890071663091182
2 0.39232217384069934 0.5885886578329518 0.03225836271453851 0.06890071663091185
4 0.46467307307187594 0.5904098221491879 0.04608337530648235 0.0689007166309119
4 0.5225077090815109 0.5931415686235411 0.04930921157793639 0.06707955231467627
37 0.4070842861551614 0.546747151186798 0.37034650645656375 0.19797772564848476
