7 0.35379426203650227 0.45270970130154004 0.04981283825503077 0.14600314660957328
6 0.40990527524331866 0.45127829790340696 0.04981283825503077 0.14600314660957328
0 0.46687513048901486 0.45306755215107225 0.025192699807141714 0.02934376966172986
12 0.5226998630162047 0.4527097013015399 0.04981283825503077 0.14600314660957328
2 0.5822462443785406 0.4527097013015399 0.04981283825503077 0.14600314660957328
1 0.31944058048130847 0.6237624073784421 0.04981283825503077 0.14600314660957328
5 0.38929306631020255 0.6266252141747083 0.04981283825503077 0.14600314660957328
6 0.4585729907798431 0.6237624073784421 0.04981283825503077 0.14600314660957328
7 0.5484651241825997 0.6241202582279751 0.04866771553652429 0.13813042791984115
7 0.6200352940892536 0.6237624073784421 0.04981283825503077 0.14027753301704096
37 0.46658884980938853 0.532510440747459 0.4173972308956039 0.37860619880619756
