3 0.3042267236320632 0.37278087061115067 0.04375632585498775 0.04590851713843832
10 0.3465047952351932 0.37461721129668824 0.039617213949786435 0.043704908315793184
11 0.3908524227909242 0.376453551982226 0.037252007146814065 0.04590851713843826
0 0.4218957620799351 0.3784735267363179 0.017739051022290363 0.007345362742148826
1 0.4541217047704337 0.3790244289419784 0.03725200714681348 0.04223583576736354
1 0.496991078074307 0.3799425992847473 0.039025912249042755 0.04333764017868622
1 0.5407474039292951 0.3804935014904084 0.037843308847556684 0.04370490831579357
9 0.5975123672006306 0.3815953059017309 0.04257372245350146 0.04517398086422333
5 0.640381740504504 0.37994259928474716 0.038434610548299775 0.04407217645290125
37 0.4742259625956987 0.3744335772281342 0.4346067500461636 0.08153352643786568
