9 0.3997368725023152 0.566405458391791 0.03176962859824356 0.09548837522183928
4 0.4374296521951465 0.5685593315170956 0.03176962859824356 0.09548837522183928
0 0.4713531539186956 0.5685593315170966 0.017769453283765307 0.022256688961479486
13 0.5063535922048952 0.5685593315170958 0.03176962859824356 0.09836020605557887
2 0.5472771815856835 0.5699952469339655 0.03176962859824356 0.09548837522183928
1 0.3776596729679427 0.6755350300738932 0.03176962859824356 0.09548837522183928
7 0.42235254031801406 0.6776889031991976 0.03176962859824356 0.09548837522183928
3 0.4654300028241069 0.680560734032937 0.03176962859824356 0.09548837522183928
8 0.5230461089260062 0.6827146071582417 0.03176962859824356 0.09548837522183928
2 0.5693543811200563 0.6841505225751114 0.02746188234763466 0.09548837522183927
37 0.47027621735604214 0.6249190116292338 0.27192648206971143 0.261336605870297
