9 0.2045309866291489 0.4389467613099003 0.049454324062148454 0.03706069383539273
10 0.25264144318960857 0.4447896634911551 0.045691495057419755 0.038062334209322354
11 0.2999455792490548 0.4504656256100894 0.04031602505066409 0.04073337520646647
0 0.3297794377865461 0.45430524704348385 0.019351692024317784 0.007679242866797955
1 0.36525753983113146 0.45764404828991806 0.04622904205809522 0.037060693835392726
7 0.41283044939091584 0.46332001040885196 0.04569149505741969 0.03706069383539272
10 0.4606721324510374 0.46866209240314194 0.04569149505741933 0.03706069383539267
4 0.525177772532101 0.47567357502064866 0.04676658905877103 0.03706069383539269
3 0.5746320965942483 0.4805148368279746 0.04354130705471795 0.03739457396003701
37 0.3856843258568014 0.45881262872617057 0.4741164545958148 0.1035028386393864
