7 0.32838515569863247 0.6142529841296468 0.02944002105476537 0.08280846104902057
4 0.3614547683902869 0.6158661359682642 0.02944002105476537 0.08280846104902057
0 0.3931128732231505 0.6190924396455009 0.018551246144097748 0.023659560299715787
32 0.425577553975324 0.621512167403425 0.02944002105476537 0.08442161288763764
3 0.4594537425862869 0.623931895161351 0.029440021054765363 0.08711019928533359
9 0.3308048834565584 0.7072780734899103 0.02944002105476537 0.08280846104902057
8 0.3719402553412992 0.7094289426080668 0.02944002105476537 0.08280846104902057
10 0.41509206702431173 0.7153438326829971 0.02944002105476537 0.08280846104902057
5 0.4566307268687067 0.7196455709193097 0.02944002105476537 0.08280846104902057
37 0.3943227371021141 0.6634541152074744 0.23713332027674094 0.23498245115858474
