7 0.40955093364838185 0.5158001498887781 0.025374878421449955 0.07742591108083435
6 0.4388296395192856 0.5158001498887781 0.025374878421449955 0.07742591108083435
0 0.46786435617459804 0.5197039773382308 0.015127331366632992 0.01886849933902945
34 0.49763104047668366 0.5171014257052624 0.026838813714995052 0.08002846271380372
5 0.5266657571319968 0.5171014257052626 0.025374878421449955 0.07742591108083435
6 0.4119908258042905 0.6029856295932471 0.025374878421449955 0.07742591108083435
2 0.45273702480796474 0.6055881812262155 0.022934986265541347 0.07742591108083426
9 0.4890914179310037 0.604937543317974 0.025374878421449955 0.07742591108083435
10 0.5286176708567237 0.6042869054097317 0.025374878421449955 0.07742591108083435
37 0.4688403130369619 0.5597182086951337 0.2161744450135058 0.20820413063753748
