7 0.43365624753773263 0.6164733005286647 0.025754678114663806 0.0763550457046497
0 0.4948614825866986 0.6205132500368492 0.013028837163890084 0.014139823278634733
18 0.5251611038980669 0.6172812904303016 0.0257546781146638 0.07877901540955898
13 0.556369713848777 0.6176852853811197 0.025754678114663806 0.0763550457046497
2 0.4360802172426421 0.7009082452496798 0.020300746278617558 0.07635504570464963
1 0.4757727211605355 0.7021202301021348 0.02575467811466379 0.07150710629483127
2 0.5156167231849857 0.7031302174791808 0.01999775006550365 0.07433507095055941
3 0.5553092271028791 0.7053521897086806 0.027269659180232338 0.07312308609810411
6 0.4641073669556586 0.6164733005286651 0.027269659180232334 0.07877901540955874
37 0.4954674750129253 0.659902757741627 0.22149023178610747 0.20522943501567284
