9 0.30769288490161695 0.41155115248309143 0.05082162433256857 0.1511504941513504
4 0.36494051280395906 0.40863036998741314 0.0519899432693511 0.15115049415135043
0 0.42540101778245265 0.41848801091032717 0.02687108612852657 0.030668216204622106
29 0.48498528355836024 0.4064397831156545 0.054910740611307414 0.15699205914270697
3 0.5463220277394413 0.41009076123525234 0.05607905954808992 0.15553166789486778
1 0.3111978417119644 0.5824169284802702 0.05082162433256857 0.1511504941513504
9 0.38713857260282647 0.5824169284802702 0.05082162433256857 0.1511504941513504
2 0.46600010083564475 0.5853377109759483 0.05082162433256857 0.1511504941513504
5 0.5469061872078327 0.5867981022237875 0.05140578380095978 0.1511504941513504
37 0.4309499106731234 0.49406325798600237 0.4252659313707559 0.4067189625231988
