7 0.4306910383712259 0.507803035431496 0.027496906340067007 0.07772458858792379
9 0.4611209480542338 0.5087807032124761 0.027496906340067007 0.07772458858792379
0 0.49118423231937414 0.5170908793508072 0.01356514046109953 0.014176182824213512
32 0.5227140182559847 0.5126913743363969 0.027496906340067007 0.07772458858792379
3 0.5542438041925954 0.5136690421173771 0.027496906340067007 0.07772458858792379
3 0.4369236704749746 0.5940822171029962 0.027496906340067014 0.07332508357351283
9 0.4750527139332014 0.5962819696102016 0.027496906340067014 0.07381391746400301
6 0.5139150082271634 0.5977484712816719 0.027496906340067014 0.07283624968302284
6 0.5546104296104629 0.6001926407341223 0.027496906340067007 0.07185858190204289
37 0.4911842323193744 0.5535090041923197 0.2247413811528174 0.20726556956779674
