4 0.28518932869182795 0.3881571099178804 0.059026692276678006 0.04301738236312765
1 0.34303548712297244 0.38717944213690025 0.05351753433085469 0.043017382363127646
17 0.3981270665812051 0.38620177435591996 0.05351753433085474 0.043017382363127646
0 0.4410197963022576 0.38473527268444996 0.025971744601738154 0.00879901002882109
5 0.48509305986884405 0.3822911032319994 0.04800837638503137 0.043017382363127646
1 0.5390041054815431 0.3798469337795487 0.04879539894872054 0.043017382363127646
4 0.5952762187853097 0.37935809988905883 0.051156466639787776 0.043017382363127646
1 0.6692563397720792 0.3764250965461183 0.05115646663978745 0.04301738236312765
5 0.7215933402574001 0.3759362626556282 0.050369444076098356 0.04595038570606833
37 0.5047686239610701 0.3822911032319993 0.5579989976555293 0.07919109025939393
