4 0.24142821273775425 0.4286860890043856 0.004439089954164813 0.022117570999697488
37 0.23640503200014681 0.4163033643954005 0.029204539172135634 0.05778604817526609
37 0.18488822490049928 0.34963913631180527 0.022195449770823036 0.04937514089369135
0 0.36876482224621426 0.47822614438545946 0.0029075688745298063 0.005473070822648774
22 0.3740668596056533 0.47902430054709666 0.006670305065100145 0.030329934142164852
2 0.38176336544999967 0.47993647901753783 0.006670305065100145 0.030329934142164852
3 0.34918149070893345 0.5094682569980663 0.007525472381138588 0.02873362181889259
7 0.356706963090072 0.5104944577773127 0.006841338528307847 0.028505577201282443
9 0.36406140200800297 0.5112926139389488 0.007183405454723155 0.030101889524554587
7 0.3738958261424456 0.5130029485710258 0.007354438917931012 0.030329934142164852
1 0.3818488821816035 0.513345015497441 0.007525472381138631 0.029645800289333963
10 0.3629496844971529 0.4792523451647069 0.006670305065100145 0.030329934142164852
6 0.35593731250563737 0.4762877651357736 0.006670305065100145 0.030329934142164852
37 0.36782413819857246 0.4955575353238406 0.05302037359438591 0.08118388386925318
6 0.5378925688637703 0.601644129514711 0.010159387714536717 0.03913245638192063
10 0.5488045038164213 0.6044034693877947 0.010911934952650583 0.03913245638192061
0 0.5583994811023711 0.6055322902449629 0.006772925143020361 0.007274623301773079
14 0.5683707320073814 0.606661111102136 0.012040755809821026 0.039634154540664254
4 0.5798470773886174 0.6095458755149058 0.011288208571707932 0.040386701778776735
3 0.5285797967921106 0.6454172938649998 0.012228892619349232 0.03938330546129348
6 0.5404324157924036 0.6474240864999702 0.011476345381234493 0.03837990914380823
3 0.5520028295784044 0.6516885208492811 0.011288208571708638 0.04189179625500254
9 0.5677122531740315 0.6552004079604782 0.011476345381236923 0.040386701778777324
5 0.5794708037695608 0.6580851723732499 0.010911934952651709 0.04414943796934754
37 0.5588698231261943 0.6319968681186398 0.08522597471639382 0.11840076546324543
