4 0.28284653820373995 0.31897573770589305 0.04800377975756447 0.060967069869160395
1 0.33156679228604413 0.3189757377058929 0.04370493380912585 0.06096706986916037
16 0.37670467474464947 0.3189757377058928 0.043704933809125504 0.06096706986916036
0 0.4161107626053367 0.31719567727175657 0.019344806767973764 0.012905438147487467
9 0.45121800451758554 0.3165281546089557 0.04083903651016678 0.05874199432649061
7 0.4974305984633001 0.3160831395004219 0.040122562185426675 0.058741994326490465
1 0.5429267180842758 0.3154156168376208 0.039406087860686854 0.0582969792179565
4 0.6020358498753065 0.3147480941748197 0.040122562185426675 0.05874199432649065
5 0.6471737323339123 0.3136355564034847 0.04155551083490614 0.06007703965209256
37 0.464472779525271 0.31764069238029097 0.43848228674073797 0.078767674210521
