4 0.3498711535651917 0.4154132747930956 0.04375632585498785 0.04774485782397541
1 0.39835789302612423 0.4150460066559882 0.04375632585498785 0.04774485782397541
17 0.4462533307863137 0.41394420224466555 0.04375632585498785 0.049213930372405415
0 0.4855748938857273 0.4135769341075575 0.018330352723033093 0.00807989901636599
4 0.5213486467806848 0.41210786155912815 0.04375632585498785 0.04774485782397541
2 0.5719049421942177 0.40953698459937526 0.028973783336410187 0.04847939409819027
6 0.6189134274032928 0.40843518018805297 0.04375632585498783 0.0499484666466205
6 0.6860261704376321 0.4060479372968542 0.045530230957217074 0.04884666223529801
4 0.7336259573474506 0.40439523067987054 0.044938929256473734 0.04774485782397541
37 0.543818111408922 0.4099042527364831 0.47540656739743653 0.08667528035737072
