7 0.3118549511854953 0.37168758716875866 0.08814504881450494 0.2440725244072524
6 0.4100418410041842 0.37029288702928864 0.08814504881450494 0.2440725244072524
0 0.5037656903765688 0.38284518828451886 0.05244072524407193 0.04881450488145022
26 0.6019525801952582 0.37029288702928864 0.08814504881450494 0.2440725244072524
8 0.6967921896792191 0.37029288702928864 0.08814504881450494 0.2440725244072524
5 0.30627615062761504 0.6610878661087867 0.08814504881450491 0.25941422594142266
3 0.4412831241283125 0.6624825662482565 0.09260808926080893 0.2622036262203628
2 0.5757322175732218 0.6555090655509065 0.08033472803347286 0.26220362622036253
1 0.7073919107391912 0.6562064156206415 0.09149232914923314 0.25523012552301233
37 0.507670850767085 0.51952580195258 0.711854951185495 0.6317991631799159
