10 0.3101662218505815 0.3979512644655725 0.07468375857827257 0.2029035787904602
6 0.39018453461301655 0.39318826965828463 0.07468375857827257 0.2029035787904602
0 0.4690597286217026 0.39604606654265717 0.03734187928913626 0.03715135949684485
12 0.5433624476153921 0.390330472773912 0.07468375857827257 0.2029035787904602
2 0.617284127024499 0.38747267588953915 0.06096633353328339 0.2029035787904602
1 0.2781588967456074 0.6141912287164389 0.07468375857827252 0.18194640163839415
1 0.37037047621469915 0.6137149292357099 0.0746837585782726 0.18480419852276658
3 0.46181997651462475 0.6099045333898797 0.0746837585782725 0.18670939644568174
9 0.5735255411309842 0.6037126401404053 0.06770311338871143 0.18385159956130873
8 0.66910551052779 0.5989496453331177 0.07468375857827261 0.18766199540713935
37 0.46889588160033197 0.4987505235722039 0.565256982145533 0.5037057528499138
