6 0.1583816364856872 0.49083388576304104 0.036576151345278515 0.05494331331128258
1 0.1990984842096765 0.49083388576304104 0.036576151345278515 0.05494331331128258
35 0.27432113508958905 0.48962190091058616 0.036576151345278515 0.05494331331128258
2 0.31572809887669673 0.4884099160581316 0.036576151345278515 0.05494331331128258
5 0.134227574276541 0.5518371233365973 0.036576151345278515 0.05494331331128258
7 0.18253569869483338 0.5506251384841424 0.036576151345278515 0.05494331331128258
10 0.23084382311312576 0.5477971738284146 0.036576151345278515 0.05494331331128258
7 0.2901938045413136 0.5486051637300513 0.036576151345278515 0.05494331331128258
1 0.34057227714896127 0.548201168779233 0.036576151345278515 0.05494331331128258
37 0.23744374808275925 0.5202041166900526 0.2838302443232983 0.14357051363693832
