7 0.37896410656684637 0.3736899210489865 0.06348400203148792 0.18179509672653393
5 0.4470651269278973 0.3751327392769748 0.06348400203148792 0.18179509672653393
0 0.5111262562505802 0.37585414839096887 0.036936146636501334 0.03607045569970955
31 0.5786501493204359 0.3736899210489865 0.06348400203148792 0.18179509672653393
2 0.6421341513519241 0.3679186481370327 0.049632947042799726 0.18179509672653374
4 0.3795412338580415 0.5691917909414099 0.05771272911953425 0.1688097326746387
9 0.46899596399332016 0.5691917909414098 0.061175492866706496 0.1659240962186618
8 0.5590278214197939 0.5677489727134214 0.0634840020314879 0.17169536913061514
3 0.6502139334286583 0.566306154485433 0.0634840020314879 0.17458100558659187
37 0.5140118927065569 0.4674731058682302 0.48363267002169896 0.4472736506763929
