9 0.4091010988897091 0.5427847802527164 0.03682019071643937 0.10410206531876884
4 0.4488047985176772 0.5398273352152511 0.03815104098329867 0.10528504333375491
0 0.4862904143675464 0.5430805247564627 0.017301053469170425 0.01833615923228301
16 0.5235542218396056 0.5345039341478142 0.0377074242276791 0.11238291142367103
14 0.5672504722681515 0.5333209561328282 0.040812741517017276 0.10765099936372692
10 0.4175298172464838 0.6598996037363314 0.040369124761397555 0.09937015325882495
10 0.4687675525205642 0.6566464141951194 0.037263807472059034 0.09877866425133107
8 0.5180090123943581 0.6557591806838797 0.034602106938340836 0.09818717524383831
3 0.5741265319802574 0.6539847136614005 0.03859465773891845 0.10173610928879684
37 0.49183562381279267 0.5936528348971145 0.29633599275399514 0.285097701611628
