3 0.1504087899703798 0.4922361073103288 0.0935457864781998 0.08758806372761824
11 0.345179494652602 0.4844312303445007 0.0781875230265554 0.08758806372761824
0 0.40731065134334715 0.48313041751686386 0.040489967281610785 0.019078588138688637
7 0.47851714552824526 0.47792716620631154 0.08516855186821286 0.07978318676179136
1 0.5720629320064444 0.46665345503345024 0.07958372879488672 0.07978318676179098
3 0.6628163069479812 0.4610165994470192 0.0795837287948861 0.08411922952058391
3 0.7800975914878143 0.4471412626188816 0.0935457864781998 0.08758806372761824
6 0.8827187154601677 0.4354339471701405 0.10331922685651833 0.09018968938289401
10 0.25233181105856756 0.490935294482691 0.08516855186821189 0.08151760386530776
37 0.5127241868523632 0.4540789310329507 0.9522123340019752 0.198590758352719
