6 0.40618905124390076 0.3834648547972563 0.048078737948619034 0.07111646654899804
2 0.45026122769680016 0.3764533721797493 0.04006561495718354 0.06777766530256625
0 0.49722703189660655 0.3699427097492074 0.02003280747858653 0.012687444736440665
32 0.5377378203533153 0.3610948864461628 0.0467432174500463 0.07111646654899803
5 0.5889327727986033 0.35358258364169115 0.04318182945385148 0.06677602492863643
1 0.4297832467186855 0.4627613844000124 0.0498594319467157 0.06877930567649561
1 0.488546148655886 0.45307886078536014 0.049859431946715625 0.06944706592578175
10 0.5493123313409456 0.4432293971083863 0.052085299444337145 0.07044870629971138
3 0.608742993527432 0.4340476936806985 0.05431116694195739 0.07211810692292703
37 0.5108550547839178 0.4072990978393885 0.36062905547755314 0.2279921265245762
