6 0.3739462122247902 0.47507102771632875 0.03489045782949368 0.08731560728611747
3 0.4088366700542838 0.47578672941539535 0.032743352732294194 0.08731560728611747
0 0.4407748583751273 0.47507102771632814 0.01610328822899578 0.01717684077759772
36 0.4727130466959717 0.4747131768667955 0.03489045782949368 0.09232551917958337
5 0.5067983401140157 0.47363962431819556 0.031133023909394493 0.08874701068425057
1 0.3817294682021386 0.5731221604884439 0.0311330239093941 0.08302139709171791
6 0.42386640573468093 0.5720486079398444 0.03166980018369467 0.08373709879078453
7 0.4660033432672233 0.5734800113379773 0.031133023909394132 0.08373709879078475
10 0.5094822214855155 0.573122160488444 0.031133023909394507 0.081589993693585
37 0.4439955160209274 0.5226651907042534 0.24476998108075537 0.22974024540035817
