7 0.3948767187110779 0.5301983985088067 0.027246495035103943 0.0837138688035072
6 0.42686173462185195 0.5301983985088065 0.02606186481618628 0.08529337576206392
0 0.4585505929778961 0.5345420426448372 0.013623247517550846 0.01816433002340332
32 0.49083176644340015 0.5341471659051984 0.026061864816186286 0.0837138688035072
3 0.5210398370257976 0.5357266728637552 0.028431125254021396 0.0837138688035072
1 0.39309977338270174 0.6225995555843759 0.026061864816186286 0.0837138688035072
3 0.4357464612637337 0.6265483229807677 0.026061864816186286 0.0837138688035072
1 0.4778008340353068 0.6281278299393244 0.02606186481618628 0.08213436184495043
7 0.51985520680688 0.6289175834186028 0.02606186481618628 0.0805548548863937
37 0.45914290808735536 0.5795579909637045 0.23041057757946423 0.22981826247000525
