6 0.11313293479645119 0.4625438570041229 0.02906504666315359 0.03835482423587012
1 0.14035842154421516 0.45481770535948746 0.025385926832374613 0.038906692210486905
0 0.16390478846120107 0.45219633248005736 0.01434856734004038 0.009381755568486222
35 0.1848757714966398 0.4451600158036926 0.02612175079853054 0.04111416410895445
2 0.21357290617671498 0.438813534095599 0.026857574764686212 0.03835482423587012
8 0.1171799666103081 0.508762799878283 0.026121750798530425 0.04139009809626257
9 0.1493722651296233 0.5028302191511519 0.02796131071391992 0.03835482423587012
7 0.17806939980969866 0.49482813351920774 0.02796131071391992 0.03835482423587012
5 0.21504455410902673 0.4857223119380299 0.026121750798530755 0.038354824235870125
10 0.2433737768060241 0.47882396225531954 0.02906504666315359 0.03835482423587012
37 0.17328654402968607 0.47220154655991775 0.20455906259130668 0.13437985181919956
4 0.7389753991658228 0.32819483061060345 0.021284164310291405 0.030475053444280416
0 0.7827876075188235 0.3225973718147147 0.01160954416924693 0.006841338528308571
15 0.8049010249840627 0.31762185288503675 0.022113417465237914 0.03254818633164669
2 0.827567277885931 0.3143048402652511 0.020454911155344747 0.030475053444280427
7 0.7322031650670943 0.3667551023156114 0.020454911155344747 0.030475053444280427
1 0.7579100128704327 0.3630234631183526 0.020454911155344747 0.030475053444280427
9 0.7841696961104024 0.3597064504985669 0.020454911155344747 0.030475053444280427
6 0.8195511640547821 0.3539016784139421 0.022113417465237185 0.030475053444280427
5 0.845810847294752 0.3505846657941564 0.020454911155344747 0.030475053444280427
8 0.7601213546169562 0.32570707114576414 0.02045491115534475 0.03171893317670013
37 0.7883159618851342 0.34021900135732636 0.16972047904569762 0.1038639576570375
