6 0.1919617508423827 0.5743592658930262 0.009133055886559447 0.022089251446560324
10 0.200882410080417 0.5726600927048292 0.008920659238034824 0.02208925144656033
0 0.20879418523795987 0.5707485228681065 0.004141734646232038 0.004106335204811114
24 0.21596257212566541 0.568695355265703 0.009770245832133082 0.022655642509292792
4 0.2252018263364867 0.5671377798431889 0.007858675995411468 0.02123966485246154
8 0.19164315586959602 0.6010504447242875 0.007858675995411582 0.02393002240044041
5 0.20348426902484365 0.5985016849419921 0.008602064265247983 0.02194765368087699
2 0.21240492826287796 0.5960945229253793 0.00817727096819883 0.02308043580634178
2 0.22424604141812587 0.5934041653774006 0.007858675995412127 0.022230849212243397
8 0.2318923207650122 0.5914217966578377 0.007221486049837688 0.022797240274976125
37 0.210758854236811 0.5839879139594767 0.06732973758230622 0.06966610071607594
5 0.3705794712010038 0.5875421213594086 0.00754008102262425 0.0208148715554132
4 0.3781195522236283 0.5871881269452006 0.007540081022624245 0.019823687195631875
0 0.38465074916576225 0.5860553448197353 0.004247932970496179 0.004531128501860854
14 0.39144744191854836 0.5854889537570039 0.008920659238033878 0.021522860383828547
2 0.3990937212654352 0.5842145738658558 0.006796692752787394 0.01982368719563206
5 0.37026087622821696 0.6124633281196313 0.007752477671149069 0.021098067086779238
7 0.37875674216920224 0.611118149345642 0.00838966761672308 0.02067327378972985
10 0.38773050056936775 0.6100561661030186 0.008708262589510171 0.020248480492680597
7 0.3990937212654355 0.6087109873290294 0.008283469292460672 0.020106882726997777
2 0.4080674796656001 0.6070826130236741 0.00754008102262425 0.0208148715554132
37 0.3867216164888763 0.5980911549027979 0.06085163980230543 0.058621474992795373
9 0.4963713862897119 0.5976663616057492 0.008283469292459973 0.01840770953880094
0 0.5111860525243042 0.5942680152293551 0.003929337997704482 0.0036815419077600633
11 0.518460637736273 0.5924980431583162 0.007433882698361366 0.019965284961314812
13 0.5263193137316837 0.5907280710872781 0.008283469292459973 0.018974100601533147
1 0.496158989641187 0.6203220041150423 0.008708262589509219 0.019540491664265858
3 0.5057168388247952 0.6182688365126378 0.008708262589509318 0.019398893898582775
1 0.5146905972249609 0.6159324733788667 0.008814460913771433 0.01897410060153313
9 0.5264255120559465 0.612958920299522 0.009133055886558467 0.018690905070166963
10 0.5359833612395544 0.6111889482284834 0.009345452535083097 0.019115698367216213
7 0.5047610539064344 0.5961087861832352 0.008283469292459973 0.01840770953880094
37 0.5139472089551248 0.6046046521242201 0.06403758953017427 0.060603843712359454
10 0.7474202919708125 0.6221086587457167 0.007899048912071997 0.016851304345754763
1 0.7133666144387667 0.6293055699767166 0.007899048912071995 0.018138556761055198
10 0.7215289649812408 0.6278427831411475 0.008074583332340438 0.017085350239445903
8 0.7285503417919741 0.6261459504118876 0.005792635868851302 0.01837260265474611
2 0.7396090102688744 0.6235129341078632 0.007372445651267461 0.01685130434575475
37 0.7275849024804961 0.6159064425629037 0.05862849636960718 0.05523483091108718
37 0.8677647778873405 0.625572242376664 0.053854338414986505 0.057293854341753075
