7 0.3937948842833049 0.4850079940018573 0.03483678020206331 0.09919625549062178
6 0.430993480092288 0.4850079940018571 0.03483678020206331 0.09919625549062178
0 0.46583026029434926 0.48303981432942295 0.018304070953621195 0.024405427938171083
22 0.5000765865946855 0.48422072213288403 0.03483678020206331 0.09919625549062178
2 0.5387513171579931 0.48107163465699093 0.03188451069341396 0.09919625549062165
1 0.3731289977227585 0.5991624150029697 0.03483678020206331 0.09919625549062178
1 0.4180034942542298 0.5987687790684828 0.03483678020206327 0.09525989614575547
8 0.46228753688397234 0.5983751431339965 0.03483678020206331 0.09919625549062178
9 0.5192663384009062 0.5960133275270764 0.03188451069341297 0.09289808053883516
1 0.5632551540797831 0.5932578759856705 0.03483678020206327 0.09525989614575543
37 0.46464935249089 0.5385424810920335 0.27338015650093883 0.2582251730232043
