7 0.2836358058504098 0.4262212753894753 0.010799189596096487 0.010747270415346075
10 0.29498880004117795 0.4262212753894754 0.010245385001424872 0.01074727041534608
11 0.3152026677466918 0.42606551784722396 0.010245385001424872 0.01074727041534608
23 0.32655566193745983 0.42606551784722396 0.010245385001424872 0.01074727041534608
2 0.2742211277409924 0.43774733351607836 0.010245385001424872 0.01074727041534608
1 0.2880662426077827 0.43805884860058114 0.010245385001424872 0.01074727041534608
9 0.3019113574745731 0.4374358184315756 0.010245385001424872 0.01074727041534608
4 0.3196331045040647 0.4375915759738271 0.010245385001424872 0.01074727041534608
9 0.3332013170735192 0.43774733351607836 0.010245385001424872 0.01074727041534608
37 0.3044034781505953 0.432373698308405 0.08500900528209261 0.028036357605250292
6 0.4551424322712998 0.3894223652921847 0.007614813176734683 0.008223998230873511
10 0.4633664305021732 0.3894223652921847 0.007614813176734683 0.008223998230873511
26 0.4795098344368509 0.39010769847809074 0.007614813176734681 0.007881331637920371
3 0.48819072145832826 0.390193365126329 0.008528590757942775 0.007709998341443995
10 0.4484413966757732 0.39816036341248784 0.007614813176734683 0.008223998230873511
1 0.4584929500690631 0.3988456965983938 0.007614813176734683 0.008223998230873511
6 0.46915368851649164 0.3981603634124877 0.008223998230873455 0.00822399823087351
1 0.4813373895992671 0.39901702989487037 0.007614813176734683 0.008223998230873511
37 0.47081698814762746 0.3942284698027836 0.06579198584698763 0.023643994913761165
