7 0.5907147612444291 0.6397809522272574 0.0247504424979671 0.039132456381920776
8 0.6164686000598814 0.6415368957828562 0.0247504424979671 0.039132456381920776
0 0.6388777844837169 0.6432928393384567 0.013378617566469157 0.009030566857363585
22 0.6612869689075516 0.6463030282909108 0.024081511619643482 0.041139249016891304
2 0.6903854621146214 0.6475572736877672 0.020067926349702832 0.03913245638192069
3 0.5669677150639473 0.684933786514089 0.02541937337629059 0.04063755085814858
10 0.5982402336255679 0.6873168527681166 0.025753838815452023 0.04038670177877743
2 0.6306833812242549 0.6907033153396291 0.017057737397248394 0.04113924901689052
9 0.6699830703257558 0.6937135042920844 0.024750442497967075 0.040637550858148935
3 0.7024262179244429 0.697099966863597 0.024750442497967064 0.041891796255005644
37 0.6367037591291659 0.6696319926724402 0.19097976576134118 0.11739736914576254
6 0.27413122109770766 0.3619560060927436 0.00936183574764178 0.015564051930454506
1 0.28427320982431964 0.3620730290395891 0.00936183574764178 0.015564051930454506
35 0.30471321787333766 0.36219005198643467 0.00936183574764178 0.015564051930454506
2 0.31399703832308234 0.36242409788012575 0.0073334380023195546 0.015564051930454504
5 0.2667977830953881 0.37986051696010875 0.009361835747641779 0.016032143717836542
7 0.27959229195049873 0.3798605169601087 0.00936183574764178 0.015564051930454506
10 0.29176267842243314 0.37997753990695415 0.00936183574764178 0.015564051930454506
7 0.3073657380018362 0.3797434940132631 0.00936183574764178 0.015564051930454506
1 0.31984818566535866 0.38032860874749075 0.00936183574764178 0.015564051930454506
37 0.2937910761677556 0.37143486478723103 0.07395850240637059 0.042011237917542694
