7 0.6249182912735634 0.4676759899175253 0.019851817951747435 0.032227793067235014
3 0.6460265533994719 0.46871255636120823 0.020856973291076414 0.032793192945607556
0 0.6662553046034684 0.46890102298733294 0.009548975723626757 0.0064078652882213795
31 0.6866097002248798 0.46974912280489123 0.022615995134902356 0.03411245932847711
2 0.7099795618642788 0.47078568924857433 0.01356959708094018 0.034677859206849224
3 0.6059459842437289 0.5044269820117412 0.020103106786579686 0.03298165957173176
2 0.6330851784056116 0.5058404817076724 0.01356959708094212 0.03392399270235246
2 0.6589679283933334 0.5074424480297278 0.01407217475060709 0.03411245932847662
7 0.6916354769215245 0.5091386476648456 0.021610839795573152 0.034112459328476855
4 0.7195285375879041 0.5105521473607769 0.021108262125907756 0.03467785920684948
37 0.6673861043602127 0.49010351842630295 0.16208129846679803 0.09216018017472574
6 0.15093627531872378 0.40986799207382874 0.012649400401022089 0.027611564308201154
10 0.1641520667824782 0.4107883775507687 0.011894212317379037 0.027469966542518064
0 0.17689586569395574 0.41149636637918435 0.0067966927527881 0.004814324033224615
34 0.18982846162634381 0.4121335563247581 0.012649400401022077 0.029027541965032308
2 0.20257226053782124 0.41234595297328264 0.01019503912918198 0.028319553136616483
2 0.14253480788819423 0.4407363049927408 0.010950227212825157 0.027611564308201143
4 0.15820496062378867 0.4411610982897901 0.012083009338289773 0.027045173245468814
1 0.17415830889074935 0.4418690871182055 0.012649400401022089 0.027611564308201154
5 0.19435959012820256 0.44342666254071944 0.012649400401022089 0.027611564308201154
7 0.21135132201017248 0.4441346513691347 0.012649400401022089 0.027611564308201154
37 0.17916142994488496 0.42721371837000643 0.09628648066449647 0.07391403368656932
