4 0.3939716330408482 0.4182240157290188 0.025184795248974386 0.028458460544751665
1 0.41991500645997215 0.4186009489812671 0.024274501444794636 0.029212327049248463
15 0.4454032329770062 0.4188836489204534 0.025488226517034297 0.029777726927620925
0 0.4658848435710503 0.4193548154857635 0.01062009438209259 0.006219398662098709
5 0.4850010134588282 0.41916634885963966 0.025184795248974372 0.029212327049248376
4 0.5117029650481024 0.4193548154857639 0.02518479524897437 0.029589260301496657
6 0.5377980541012574 0.4197317487380123 0.025184795248974386 0.028458460544751665
1 0.5711754935878504 0.4193548154857639 0.025184795248974386 0.028458460544751665
3 0.5975740139090646 0.4193548154857639 0.025184795248974386 0.028458460544751665
37 0.4960762547430166 0.4183182490420809 0.25063422741750635 0.04259345750406544
