9 0.3562170325656943 0.5757740981973553 0.029087636458914382 0.07999100026201336
4 0.38833463115574524 0.5763800906235822 0.029087636458914375 0.08201097501610483
0 0.42030073163924014 0.5755721007219439 0.01424082201634427 0.016563792983550527
18 0.45226683212273405 0.575370103246537 0.029087636458914372 0.08241496996692316
3 0.4849904231390126 0.5743601158694913 0.029087636458914375 0.08120298511446808
3 0.36257995304108176 0.667884946983917 0.029087636458914382 0.07999100026201336
2 0.3999999853606225 0.6686929368855519 0.023330708409754444 0.07999100026201332
3 0.44499492300800547 0.6695009267871902 0.029087636458914382 0.07999100026201336
3 0.4874143928439221 0.667884946983917 0.029087636458914382 0.07999100026201336
37 0.42227020702447915 0.6198095478365463 0.23209509924508687 0.2149253138353108
