6 0.35348183394134497 0.5356301342399129 0.04847939409819041 0.07088275046174808
10 0.4019612280395352 0.5352628661028056 0.048479394098190395 0.06867914163910321
0 0.4509303129872023 0.5337937935543757 0.02693299672121692 0.013588921072977038
24 0.498920016235916 0.5308556484575155 0.049458775797143736 0.072351823010178
12 0.5473994103341066 0.5301211121833004 0.04652063070028371 0.07088275046174805
1 0.34760554374762476 0.6156945881293485 0.045541249001330456 0.06500646026802792
9 0.40098184634058176 0.6140418815123649 0.04456186730237678 0.0653737284051358
3 0.45631691233144567 0.6129400771010421 0.04750001239923725 0.06757733722778043
10 0.5251184766829181 0.6107364682783974 0.044072176452900444 0.06757733722778055
7 0.5804535426737817 0.6087164935243061 0.04603093985080703 0.06867914163910295
37 0.45656175775618385 0.5699697050594649 0.36824751880645606 0.1895103587474721
