7 0.382492217260012 0.5956281429510315 0.02786353651269707 0.0757692530259634
6 0.4117709231309156 0.5968111209660174 0.02786353651269707 0.0757692530259634
0 0.4394969703571489 0.6009515440184656 0.014111417088481924 0.017803330291654724
14 0.46811025109462434 0.6015430330259615 0.02786353651269707 0.0757692530259634
2 0.4967235318320983 0.6050919670709185 0.022983752200879587 0.0757692530259634
1 0.3656347805464607 0.6769578814813193 0.027863536512697053 0.07044585195852578
9 0.400680504240421 0.6808025600300236 0.02786353651269704 0.06985436295103224
5 0.4357262279343812 0.6828727715562486 0.027863536512697035 0.07162882997351051
3 0.4805315202519769 0.6867174501049537 0.02786353651269706 0.07103734096601862
5 0.5169080942127963 0.6896748951424172 0.02786353651269478 0.06630542890607143
37 0.43952996902213853 0.6407646202294308 0.21781582700929897 0.20524668560007206
