7 0.3839460852542991 0.4699358598665268 0.0706655229590335 0.20177778001782853
6 0.4622323999049931 0.46863686128272086 0.07066552295903349 0.2078397734089222
0 0.5360155194651595 0.4690698608106555 0.03533276147951491 0.04762994807287952
12 0.6111842375147206 0.4664718636430447 0.0706655229590335 0.20177778001782853
2 0.6932809480112446 0.4621418683636921 0.05611673882040913 0.20177778001782834
3 0.33891413434903256 0.7037556049515641 0.0706655229590335 0.20177778001782853
3 0.4303636346489583 0.7072196011750461 0.0706655229590335 0.20177778001782853
9 0.5273555289064553 0.7063536021191755 0.0706655229590335 0.20177778001782853
10 0.6485953967283268 0.7037556049515641 0.0706655229590335 0.20177778001782853
4 0.7511296849433949 0.7020236068398232 0.0706655229590335 0.20177778001782853
37 0.5421184509934421 0.582203977469581 0.5767415152248665 0.5448866059537268
