7 0.34103389219803026 0.4051487298387518 0.0554239395757125 0.16532709248436986
9 0.4014963717351712 0.405936001707725 0.0554239395757125 0.16532709248436986
0 0.46668248248614735 0.41892598754578025 0.02960142227338426 0.032278146627905416
23 0.5296642320040057 0.4138087203974563 0.06487120200339219 0.17162526743615614
4 0.5957950689977534 0.4165641719388619 0.06109229703232042 0.16768890809128892
10 0.3391444397124945 0.5893703471784782 0.0554239395757125 0.16532709248436986
10 0.41976107909534927 0.5948812502612904 0.0554239395757125 0.16532709248436986
4 0.5047864409444537 0.5988176096061565 0.0554239395757125 0.16532709248436986
5 0.5885521678032011 0.605903056426915 0.0554239395757125 0.16532709248436986
37 0.4744922194263655 0.5080845267069963 0.4489339105632719 0.4425255175498301
