9 0.4281631756284709 0.6599343007785085 0.013326670098716333 0.031698201847826485
4 0.441489845727187 0.6556014530439133 0.011959832139873868 0.03169820184782646
0 0.4508014293218017 0.6504704491476813 0.005296497090513194 0.006841338528310837
30 0.4601130129164189 0.6461376014130874 0.0129849606090055 0.0328384249358777
2 0.47309797352542454 0.6410065975168565 0.012643251119295136 0.031242112612606072
2 0.43038428731158973 0.6992719973162782 0.012301541629584056 0.03283842493587766
1 0.4442235216448725 0.6942550157288528 0.01435179856784804 0.031926246465436334
10 0.4585753202127209 0.6879837887445709 0.014351798567848278 0.031698201847826374
7 0.4755753673258269 0.6800022271282115 0.013839234333282026 0.030329934142164602
9 0.48975631114881985 0.6744151339967602 0.01418094382299342 0.030557978759775506
37 0.4546456610810481 0.6693981524093345 0.09977917099551642 0.11265404109946936
37 0.5234408324861881 0.3799335931966883 0.049089512092085244 0.052004997578150525
