15 0.01543268131684052 0.5450421466115839 0.02018119864509915 0.01702788635680184
2 0.03680100929400433 0.545376026736227 0.02018119864509915 0.01702788635680184
3 0.014839116650808191 0.5634055534669588 0.02018119864509915 0.01702788635680184
8 0.03858170329210132 0.5647410739655316 0.02018119864509915 0.01702788635680184
37 0.032646056631778046 0.5540569099769507 0.06529211326355609 0.04707709757468905
7 0.3727466004964913 0.4746397478156302 0.011076091893432291 0.010903027957597402
3 0.38481296657122965 0.47452272486878455 0.011076091893432291 0.010903027957597402
0 0.39563108787961526 0.4744057019219393 0.006083112828022909 0.0034135593594832843
24 0.40748941315996207 0.4748737937093212 0.011076091893432291 0.010903027957597402
2 0.4206506979355856 0.4747955053578815 0.011076091893432291 0.010903027957597402
7 0.36333192238707385 0.48710035119574147 0.011076091893432291 0.010903027957597402
10 0.37717703725386414 0.4871003511957415 0.011076091893432291 0.010903027957597402
6 0.39216492020424987 0.48678883611123863 0.011700214276608509 0.0109030279575974
10 0.41012841063682515 0.48710035119574147 0.011076091893432291 0.010903027957597402
5 0.42341972090894375 0.48725610873799285 0.011076091893432291 0.010903027957597402
37 0.3953527704914174 0.48071518400756347 0.09237011271006622 0.030660012073527056
37 0.5866631604576368 0.40309291155825006 0.05579507860703878 0.02070056772787751
