10 0.3699437118799667 0.45219786966483866 0.045724750149962995 0.13526905252697347
6 0.421765095383258 0.45029267174192356 0.045724750149962995 0.13526905252697347
0 0.47396751847113266 0.45600826551066875 0.025148612582480526 0.030483166766642356
18 0.5261699415590065 0.45124527070338105 0.04724890848829508 0.13526905252697347
2 0.5829448396618768 0.44934007278046606 0.04191435430413268 0.13526905252697358
6 0.37146787021829886 0.6022322060944045 0.04572475014996301 0.1286008597967706
1 0.4408170746124093 0.6036611045365909 0.045724750149962995 0.12955345875822824
4 0.5101662790065196 0.6017559066136756 0.045724750149962995 0.13526905252697347
3 0.581039641738962 0.6027085055751333 0.045724750149962995 0.13526905252697347
37 0.4758727163940473 0.527453187619986 0.37494295122969556 0.35627201158512767
