7 0.3834660446576495 0.44313217586843984 0.05448866059537301 0.1571788286404977
6 0.4413078535973524 0.4441800347260431 0.052812086423207644 0.15717882864049762
0 0.5025028108813895 0.4567543410172845 0.025986899668569163 0.033531483443302965
26 0.5632786246223788 0.4488953995852583 0.05700352185362029 0.16032240521330773
8 0.6269884431646614 0.44994325844286215 0.05700352185362027 0.16241812292851404
10 0.3843043317437324 0.6176006756593919 0.05281208642320771 0.14984381663727472
7 0.4614267436633365 0.622316040518607 0.052812086423207664 0.15089167549487803
8 0.5419023039272708 0.6275553348066234 0.052812086423207644 0.15717882864049762
10 0.6240544383633714 0.6317467702370371 0.05448866059537281 0.1529873932100846
37 0.507951676940923 0.5384873319103413 0.43423271059081436 0.41704782532611984
