7 0.24535726774056607 0.5672650786199189 0.009137775812081564 0.010124240246340501
7 0.25560265274199095 0.5672650786199189 0.009137775812081564 0.010124240246340501
23 0.2747089112581614 0.5664862909086619 0.01024538500142469 0.011058785499848778
11 0.28550810085425793 0.5662526545952847 0.009691580406753296 0.010591512873094596
2 0.23788090571249923 0.5797256820000304 0.00913777581208156 0.010747270415346
5 0.2490954487545994 0.579258409373276 0.009414678109417369 0.0101242402463405
9 0.261140698688707 0.5791026518310244 0.010245385001424792 0.010124240246340496
5 0.2747089112581616 0.5784796216620187 0.01024538500142479 0.010747270415346132
3 0.286892612340937 0.5780902278063905 0.009691580406753239 0.01027999778859175
37 0.2629405636213896 0.5731059864543461 0.08196308001139857 0.030528478281272163
