3 0.30329021326999134 0.7166179480509165 0.04038309830351422 0.04247871490551974
10 0.3436733115735054 0.7174270664300691 0.03777773712264234 0.04247871490551974
14 0.38470775017223763 0.7182361848092219 0.04038309830351422 0.04247871490551974
0 0.4169490947855274 0.7180339052144338 0.017586187970885393 0.010518538928985834
1 0.44788775880838094 0.7186407439987983 0.04038309830351422 0.04247871490551974
10 0.49022487799754905 0.7190453031883748 0.04038309830351422 0.04247871490551974
6 0.5325619971867172 0.719449862377951 0.04038309830351422 0.04247871490551974
7 0.5885772625754626 0.719449862377951 0.04038309830351422 0.04247871490551974
7 0.6325427325026756 0.7186407439987983 0.038429077417860544 0.04247871490551974
37 0.46677662736970177 0.7170225072404929 0.40383098303514153 0.06351579276349166
