7 0.36133095576644503 0.39412295848122086 0.052337815208471715 0.08603476472625557
1 0.41510268372035464 0.3898212202449081 0.052337815208471715 0.08603476472625557
0 0.46744049892882655 0.3868637752074441 0.02509347304515748 0.017744670224789007
11 0.5194198359509393 0.3828308956109001 0.04875303334487777 0.08926106840349021
14 0.572833085718489 0.38014230921320447 0.05377172795390943 0.08926106840349007
1 0.33623748272128723 0.4946760897550318 0.052337815208471715 0.08603476472625557
8 0.39932964352054084 0.4911809274380276 0.052337815208471715 0.08872335112395105
1 0.4688744116742641 0.48714804784148424 0.052337815208471715 0.08603476472625557
4 0.5534752636550819 0.4812331577665543 0.052337815208471715 0.08603476472625557
3 0.6237369881815237 0.47800685408931975 0.05377172795390945 0.08926106840349007
37 0.47640245358781175 0.43525833036596195 0.4115329579405881 0.24896310042660233
