9 0.301255230125523 0.3803717174511462 0.07708888043616081 0.2294915684037023
4 0.390516039051604 0.3803717174511462 0.07708888043616083 0.22949156840370233
0 0.4802840116647651 0.39178290041044683 0.04158742234056092 0.039305185748699546
24 0.5710663116520858 0.38163962666884615 0.07708888043616083 0.22949156840370233
2 0.6598199568910867 0.38163962666884615 0.06593127932040099 0.2294915684037023
2 0.3027767211867633 0.6440968347327489 0.06593127932040092 0.22949156840370233
3 0.4250031697730443 0.6428289255150489 0.07708888043616083 0.22949156840370233
2 0.5441866362368453 0.6402931070796487 0.06593127932040037 0.2294915684037023
7 0.6613414479523264 0.6352214702088488 0.07708888043616083 0.22949156840370233
37 0.4752123747939648 0.5141361399184974 0.6359832635983264 0.621275516673006
