10 0.34596063889749745 0.2629676980054605 0.044073263566586224 0.04839455515851862
9 0.3904274137459285 0.26663395218413616 0.040138150748140686 0.0459503857060682
11 0.43646823372173726 0.2712778741437921 0.03777708305707438 0.04839455515851864
0 0.4699166926785221 0.2729887927605075 0.022823654346983704 0.011732013371761694
2 0.5041521741989947 0.2751885452677129 0.025184722038049476 0.049372222939498805
4 0.5470449039200472 0.2805657180631037 0.03856410562076315 0.04839455515851862
5 0.5919051900503227 0.28594289085849456 0.04013815074814141 0.04839455515851862
7 0.6528994387362229 0.2927865653253557 0.044073263566586224 0.04839455515851862
8 0.7028753715304771 0.294253066996826 0.04643433125765317 0.04839455515851862
37 0.526188805982288 0.2783659655558984 0.45332499668488746 0.11536479815566056
