9 0.4546024592830657 0.521272854686122 0.031053172893382764 0.08764791656487247
4 0.4894868677931645 0.521810571965661 0.031456460853037084 0.08764791656487247
0 0.5247745642629184 0.5263811688417438 0.01250192674928521 0.01613151838617192
18 0.560263904712498 0.5212728546861221 0.030246596974074117 0.08764791656487247
10 0.5961565331217326 0.5212728546861221 0.030246596974074117 0.08764791656487247
7 0.46145835459718915 0.6194062582020071 0.030246596974074103 0.08603476472625507
1 0.5062233181188188 0.6204816927610849 0.030246596974074107 0.084959330167177
6 0.5517948575597572 0.6218259859599329 0.030246596974074107 0.0854970474467161
1 0.5977696849603499 0.6215571273201638 0.02782686921614828 0.08495933016717723
37 0.5249762082427448 0.5693985512048712 0.264556901533235 0.23659560299720206
