7 0.32928755028412704 0.3885450165404521 0.05901541086021871 0.1682861325310926
6 0.39567988750187316 0.38739237179708835 0.05901541086021871 0.1682861325310926
0 0.45976693523289214 0.39834249685904327 0.028585589635418542 0.03112140807081804
26 0.5284645619373655 0.38508708231036126 0.05901541086021871 0.1682861325310926
8 0.5967011307444932 0.3862397270537248 0.05901541086021869 0.179812579964729
4 0.33666447664165444 0.5764261097087267 0.05901541086021871 0.1682861325310926
9 0.42149912975321885 0.5752734649653629 0.05901541086021871 0.1682861325310926
4 0.5072558986594742 0.5787313991954539 0.05901541086021871 0.1682861325310926
6 0.5948568991551116 0.5798840439388177 0.05901541086021871 0.1682861325310926
37 0.46345539841165595 0.4830618854962708 0.4822665606233509 0.4472261604250952
