10 0.3719749469479179 0.5328253713529328 0.03149678964900247 0.09582121921386681
5 0.40812971253092767 0.5328253713529331 0.03016593938214321 0.09582121921386687
0 0.44384086135831635 0.5390360059316069 0.016413819957927876 0.01833615923228827
16 0.479552010185708 0.5351913273829046 0.03194040640462223 0.0958212192138668
21 0.5154849673909082 0.5369657944053841 0.03016593938214321 0.09582121921386687
1 0.37485845585944616 0.6401806262129132 0.03016593938214319 0.09404675219138796
9 0.4214382151995204 0.6404763707166599 0.03016593938214321 0.09582121921386687
6 0.468683399673024 0.6404763707166596 0.03149678964900247 0.09582121921386683
8 0.515041350635288 0.6434338157541246 0.03016593938214317 0.09227228516890937
37 0.44339724460269747 0.5896083160722602 0.25862856852631544 0.2543402732219911
