9 0.44340812699271126 0.5291947657667143 0.05377172795391197 0.06721465994238843
6 0.49789681131933977 0.5267750380087888 0.05377172795391166 0.07097868089916191
0 0.5513100610868916 0.5305390589655631 0.02724434216332014 0.013980649268016338
15 0.6047233108544403 0.5248930275304022 0.05663955344478754 0.07581813641501454
11 0.6627967770446623 0.5232798756917848 0.05090390246303671 0.07581813641501431
1 0.42906899953833566 0.6023243157840319 0.053771727953911934 0.05968661802884175
1 0.4914442039648707 0.6020554571442622 0.05377172795391225 0.06022433530838081
2 0.5574041902550001 0.6025931744238012 0.042300425990412276 0.06345063898561495
4 0.6394956949313017 0.6036686089828794 0.048753033344880944 0.062375204426536886
6 0.7061726375941499 0.6015177398647229 0.05448868432663082 0.06560150810377116
37 0.5559702775095604 0.5595757920606726 0.4165516525496193 0.18927648239776185
