7 0.43288350385796187 0.5481062582748571 0.03117596601133841 0.08919790275466241
0 0.5009061537019841 0.5563881547666312 0.014511174290083292 0.015266826754922523
7 0.5349932276772753 0.5525502027338579 0.03117596601133841 0.08919790275466241
8 0.5701407883984633 0.552954197684676 0.030569973585111074 0.08919790275466243
8 0.433186500071075 0.6462770313236927 0.031175966011338402 0.08515795324648008
3 0.4771209509725604 0.6501149833564661 0.029357988732656465 0.08717792800057103
9 0.5218128924068296 0.6519329606351484 0.029054992519542345 0.08677393304975296
1 0.5658988414148713 0.654154932864649 0.02875199630642817 0.08556194819729743
6 0.4677280683660362 0.5489142481764937 0.03117596601133841 0.08919790275466241
37 0.5020382606863528 0.6010843262276461 0.24013964870325485 0.23659560299720198
