4 0.27858363722007895 0.3467600598001724 0.04013815074814105 0.043995050144107845
1 0.3199023218137537 0.35213723259556345 0.037777083057074036 0.04399505014410785
16 0.3612210064074281 0.3531149003765436 0.04013815074814105 0.043995050144107845
0 0.3930954202368344 0.35678115455521997 0.01731449640115919 0.007332508357350084
6 0.42575685662992946 0.3570255715004643 0.04013815074814105 0.043995050144107845
1 0.46825607506913747 0.36044740873389486 0.04013815074814105 0.043995050144107845
5 0.5107552935083457 0.3628915781863452 0.04013815074814105 0.043995050144107845
9 0.5666338955302674 0.3658245815292858 0.04013815074814105 0.043995050144107845
4 0.613068226787921 0.3677799170912461 0.041712195875519116 0.04399505014410783
37 0.4450389094403107 0.35555906982899393 0.417121958755191 0.08799010028821556
