9 0.4424151424164941 0.44590177808166054 0.05757159672931929 0.09345526318389444
6 0.5031413471857755 0.43909965449549077 0.060726204769281915 0.09641270822135944
0 0.5611072699200892 0.4349592314430394 0.02839147235966193 0.021885093277242265
13 0.6202561706693906 0.4278613633531241 0.06466946481923488 0.09759568623634567
2 0.6821653534536583 0.42046775075946125 0.05283968466937614 0.09582121921386673
1 0.4211215381467457 0.5562144779791061 0.06230350878926335 0.09404675219138728
5 0.49683213110584995 0.548525120881697 0.05914890074930058 0.09641270822135953
6 0.5674164860000152 0.542610230806767 0.06466946481923436 0.09759568623634536
9 0.662843379208887 0.5334421511906252 0.0630921607992536 0.09582121921386622
6 0.7377653201580016 0.5254570495894696 0.0662467688392167 0.09641270822135935
37 0.5717540720549635 0.4873060086061705 0.46451603388450485 0.2815487675666689
