0 0.16510138447518174 0.367685330627215 0.009014763365365164 0.010684163988583741
16 0.17924955475693674 0.35900444738649306 0.019281577198143888 0.05074977894576421
2 0.19953277232901026 0.35015662408344866 0.019281577198143898 0.04774485782397495
1 0.13179684204202446 0.44414387917050496 0.021034447852520528 0.048078737948618236
6 0.1539581353152157 0.43396053536888735 0.02178567813296741 0.05375470006755114
7 0.17561860840144256 0.42344331144262737 0.021034447852520698 0.04607545720075933
7 0.20429056410517596 0.4107558667061866 0.020784037759038258 0.04607545720075933
6 0.22632665233162552 0.3997378225929586 0.0227873185068971 0.04874649819790498
7 0.12954315120068266 0.38571485735794764 0.019531987291626276 0.050749778945764185
3 0.1499515738194971 0.37402905299543576 0.02028321757207339 0.052753059693623344
37 0.17298930241987676 0.3953973809726016 0.15450302767863314 0.17628870581160017
21 0.854633021815503 0.37142632984645785 0.020164397982713123 0.05963773463979149
2 0.8786469866858301 0.3504064725553851 0.02786353175793504 0.05866006685881189
3 0.8133876623054037 0.47212611128741655 0.023464026743523075 0.05670473129685009
7 0.8361184382131926 0.4567278437369786 0.021997525072052153 0.05328289406342024
8 0.8575660251584415 0.438152155898351 0.02163089965418223 0.05817123296832136
8 0.8813966773198365 0.420309718895466 0.021630899654183744 0.05572706351587069
3 0.9076103946973696 0.40882212246895094 0.027863531757935104 0.053282894063420363
37 0.8495002659653614 0.4105330410856653 0.1660813142940037 0.2072655695677953
