7 0.2636793925314527 0.40392373087426997 0.07315960023994059 0.2152873652894085
6 0.34560290321680287 0.4029711319128124 0.0769699960857707 0.21528736528940876
0 0.4309557701634004 0.41583121789248906 0.03886603762746895 0.04096175534267623
34 0.5174517558637466 0.40725782723937143 0.07163544190160878 0.22576595386544185
5 0.6016615040565949 0.4115445225659303 0.07239752107077461 0.2171925632123233
8 0.2636793925314526 0.6492179634495914 0.06706296688661223 0.20861917255920567
6 0.37456191164511266 0.6515994608532358 0.07239752107077456 0.20957177152066322
9 0.48658754951252203 0.6539809582568796 0.07392167940910646 0.20290357879046086
10 0.5974700686261818 0.6573150546219806 0.07011128356327642 0.20576137567483294
37 0.4405198637364344 0.5271424065388058 0.6060815632377585 0.5731787951090145
