10 0.3113652117143276 0.5263687143223001 0.04471704215767716 0.133836217725442
5 0.36175061132861175 0.5247941705843536 0.04471704215767716 0.133836217725442
0 0.41402546342842955 0.5310923455361372 0.02330324732160229 0.023618156069199366
16 0.46315122805235853 0.5247941705843536 0.04471704215767716 0.133836217725442
13 0.5160558976473538 0.5232196268464058 0.0434574071673199 0.12753804277365388
3 0.3138844816950412 0.673588553820286 0.044717042157677064 0.12753804277365574
3 0.38064513618396767 0.6731949178857991 0.04471704215767705 0.12517622716673565
3 0.4486654256632515 0.67201401008234 0.04471704215767711 0.12911258651160273
9 0.5166857151425337 0.6712267382133662 0.04471704215767705 0.12438895529776256
37 0.41308073718566235 0.5995849981368049 0.3690730521746277 0.3432505348723068
