7 0.3630767280059948 0.5372815872322265 0.028480966946177185 0.08366284040439506
6 0.395117815820444 0.5396550011444081 0.028480966946177185 0.08366284040439506
0 0.42582385830929165 0.5399516778834312 0.014240483473089269 0.020174018253540937
12 0.45608488568960437 0.5402483546224535 0.031151057597381075 0.08366284040439503
2 0.4887934961668547 0.5426217685346348 0.024475830969371025 0.08366284040439506
3 0.34438609344756604 0.6339982041536197 0.028480966946177185 0.08366284040439506
10 0.3831024078900255 0.6351849111097104 0.028480966946177185 0.08366284040439506
5 0.42226373744101897 0.6381516784999373 0.028480966946177185 0.08366284040439506
8 0.471215399379761 0.639338385456028 0.028480966946177185 0.08366284040439506
4 0.5103767289307547 0.6405250924121186 0.02759093672910936 0.08128942649221368
37 0.4271589036348928 0.587716632866082 0.23585800752302927 0.22962779600355313
