8 0.15870395929873848 0.6004231156406541 0.013414215505171113 0.03430092595460138
8 0.17381260202561538 0.5964653164920463 0.013414215505171113 0.03430092595460138
0 0.18750922206773762 0.5926017506564982 0.006071697544446178 0.0077271316710957215
15 0.1987348024115386 0.5885497181948303 0.01412022684754851 0.033923992702353176
2 0.21158420884280774 0.5844976857331597 0.010731372404136894 0.031096993310491806
9 0.1584921558960253 0.6395299405614218 0.01468503592145055 0.03298165957173133
9 0.1749422201734193 0.634535574969131 0.014261429116024061 0.033547059450104146
4 0.19125108218233777 0.6288815761854053 0.01440263138449951 0.033170126197856184
3 0.2120078156482341 0.6236045106539276 0.014402631384499535 0.03241625969335905
6 0.22641044703273366 0.6171024120526439 0.014402631384499516 0.032227793067236124
37 0.1899802617660585 0.6123247830803973 0.105308651829017 0.1092541031641905
37 0.6923058063500133 0.5769489143235612 0.059048221362474826 0.06884483367511489
37 0.8595896508620874 0.5591925545069025 0.03979336657036403 0.06510665266108186
