9 0.29137073343452635 0.3974175358638176 0.05164503460464129 0.15745437379463798
7 0.3493139429909531 0.3982048077327907 0.05164503460464129 0.15745437379463798
0 0.4085167875377348 0.3997793514707347 0.031490874758923586 0.0346399622348248
16 0.46960908457005507 0.39977935147073673 0.05164503460464118 0.1653270924843705
10 0.5363697390589823 0.40135389520868275 0.057943209556427885 0.15902891753258336
8 0.2957794559007758 0.5729791626448386 0.05164503460464122 0.15273074258079902
10 0.3738768253029166 0.577702793858678 0.05164503460464129 0.15745437379463798
8 0.4526040122002356 0.5816391532035439 0.05164503460464129 0.15745437379463798
5 0.5382591915445185 0.5887246000243027 0.05164503460464129 0.15745437379463798
37 0.41701932372264666 0.4899219804681668 0.4528387790333778 0.4290631685903875
