7 0.6224925528406696 0.5036925046948375 0.00984250293060093 0.025237187001541126
1 0.6325513745169978 0.5023945922204726 0.00984250293060093 0.025237187001541126
0 0.6421775587018717 0.5008082547518048 0.006381402998961501 0.0056242873889138355
35 0.6509384679038348 0.498861386040257 0.00984250293060093 0.026535099475905696
8 0.6614299270716182 0.49828453605165024 0.00984250293060093 0.026535099475905963
6 0.6243312621793532 0.532102366633715 0.00984250293060093 0.025237187001541126
7 0.6376348650415941 0.5305160291650467 0.00984250293060093 0.025237187001541126
1 0.6509384679038347 0.5289296916963785 0.00984250293060093 0.025237187001541126
3 0.6647828676303947 0.527487566724862 0.010924096659238595 0.02639088697875487
37 0.6442866664727169 0.515085291969819 0.07657683598753263 0.07513471101601672
7 0.3671981450436158 0.4580380597676952 0.008491851588475109 0.024194328034535986
1 0.3760922422336512 0.45768050812186467 0.008760015322848034 0.024194328034535993
0 0.3845393998663982 0.4578592839447802 0.004380007661423161 0.004767355277741068
12 0.3928077816762303 0.45714418065311885 0.009117566968678688 0.025505350735914735
6 0.4021041244678251 0.4569654048302037 0.009117566968678766 0.025386166853970892
4 0.3585275176322246 0.48628463978831016 0.008849403234305553 0.024432695798422978
10 0.3692987609628702 0.48634423172928215 0.008938791145763039 0.02455187968036633
6 0.38015939220497386 0.48628463978831027 0.009743282348882084 0.024909431326197128
2 0.3949530915512135 0.48598668008345136 0.006435929624949011 0.02526698297202774
7 0.40527739532457135 0.48580790426053616 0.009206954880136332 0.025386166853971003
37 0.38284102954870347 0.4716846142502283 0.06927563137967256 0.06698134165226032
8 0.049530121352111454 0.38188105671424677 0.006056924880369754 0.025237187001541064
8 0.05601968372393626 0.38159263171994345 0.006056924880369754 0.025237187001541064
0 0.06121133362139605 0.3805110379913061 0.003244781185912194 0.004614799908853317
14 0.06661930226458343 0.3797178692569719 0.006056924880369754 0.025237187001541064
2 0.07305478494997639 0.3788525942740619 0.005083490524596032 0.025237187001541036
8 0.044554790200379085 0.41057934364742765 0.005840606134642261 0.02523718700154106
6 0.05163922912295451 0.4093535374216385 0.005516128016051002 0.024227699521479275
4 0.058723668045529906 0.40884879368160765 0.006056924880369754 0.02466033701293442
9 0.0685661709761309 0.4076950937043944 0.006056924880369754 0.025237187001541064
10 0.07667812394091193 0.40726245621293944 0.006056924880369754 0.025237187001541064
37 0.060400138324918015 0.3939949064749865 0.04640037095854738 0.07023148611285984
4 0.3911367334608437 0.24694461956719355 0.0043958265316237305 0.012780458619720731
7 0.3956546662850125 0.24645619439701313 0.0043958265316237305 0.012780458619720731
0 0.3998673333778187 0.2457235566417424 0.002808444728537905 0.002523530045932296
12 0.40420210676316964 0.24515372727653204 0.0043958265316237305 0.012292033449540473
7 0.4086589864410659 0.24405477064362607 0.00439582653162373 0.011559395694269791
7 0.3874735446844908 0.26257422501296657 0.0043958265316237305 0.012780458619720731
1 0.39229674324002234 0.26143456628254563 0.004151613946533639 0.01245484183960046
8 0.39702836207614484 0.26074263062479003 0.005067411140621801 0.013187479594871028
4 0.4039578941780795 0.2597657802844292 0.0043958265316237305 0.012210629254510295
37 0.3997147005121373 0.25345695516959893 0.034128708766356444 0.03817856746910197
8 0.16777094217956562 0.20957845191217217 0.0037852950688984886 0.013675904765051372
8 0.17222782185746188 0.20917143093702184 0.0037852950688984886 0.013675904765051372
0 0.17613522321890557 0.20831668688920607 0.0019537006807228137 0.0031747636061726582
10 0.16526776318239123 0.2248824405778248 0.0037852950688984895 0.013024671204810713
7 0.17021306803046787 0.2242312070175844 0.0037852950688984895 0.013024671204810757
8 0.17521942602481688 0.22317295248219352 0.0037852950688984886 0.013675904765051372
5 0.1816910595297073 0.22211469794680266 0.0037852950688984886 0.013675904765051372
37 0.17424257568445628 0.2162942980021529 0.024909683679200968 0.03541082483807934
6 0.3322647309484728 0.12906636314105496 0.0029336195620802167 0.006417886161703546
8 0.342546640287415 0.1363576894312743 0.0029336195620802167 0.006417886161703546
10 0.3352553139971956 0.12910433879881653 0.0029336195620802167 0.006417886161703546
34 0.33996904251684895 0.1292562414298627 0.0026772838721894838 0.006417886161703546
9 0.34280297597730547 0.12914231445657806 0.0029336195620802167 0.006417886161703546
10 0.3355102255999197 0.136519085976761 0.0032155888209604213 0.006626752279392101
5 0.3390825097304991 0.1363030120592655 0.0027570327534889656 0.006433076424808134
37 0.3376533909939063 0.13221267992758862 0.020838801165755 0.016684496171451943
5 0.39850393603861467 0.1480689898804261 0.00261459754886213 0.007889662779022514
0 0.4037331311363388 0.14657056555417816 0.001788935165011125 0.0020794460037725257
15 0.40639359881763704 0.14592838370007122 0.00261459754886213 0.007889662779022514
2 0.40898526130028096 0.14556142264058203 0.00220176635693646 0.007889662779022519
2 0.3968984814033486 0.15724301636766172 0.002064155959628265 0.00788966277902252
10 0.39988004001169997 0.1565090942486826 0.00261459754886213 0.007889662779022514
1 0.4030450791497961 0.1557140119531222 0.00261459754886213 0.007889662779022514
5 0.4070816508041798 0.15467428895123553 0.00261459754886213 0.007889662779022514
10 0.4103843003395845 0.15387920665567514 0.00261459754886213 0.007889662779022514
8 0.40125614398478526 0.14733506776144734 0.00261459754886213 0.007889662779022514
37 0.4039395467323015 0.15097409826805067 0.018990234828577094 0.023607828160485754
8 0.5512261536650714 0.18042398384669867 0.0026641372918930466 0.007548388993697266
7 0.5543898166991944 0.1799059571510528 0.0026641372918930466 0.007548388993697266
14 0.5602731198854584 0.17868489422560174 0.0026641372918930466 0.007178369925378771
2 0.5632702743388383 0.17798185799579663 0.001998102968919762 0.007252373739042472
6 0.5494223107070186 0.18904542813851952 0.0028306458726363682 0.00791840806201576
7 0.553057748053248 0.18826838809505067 0.0027751430123885944 0.007548388993697264
6 0.5567764396898487 0.18749134805158182 0.0026641372918930466 0.007770400434688359
10 0.5613831770904139 0.1866403041944493 0.0027751430123886976 0.007992411875679447
7 0.5651573715872624 0.18590026605781232 0.0026641372918930466 0.007548388993697266
37 0.557442474012822 0.18305111923175998 0.022201144099109577 0.023163193676737626
7 0.7523148647115399 0.30249827466269297 0.005720826333289042 0.013944514187392225
8 0.7584826306021172 0.3008297003154836 0.005720826333289042 0.013944514187392225
0 0.7646057025369656 0.29933990179119 0.0033073527239326963 0.0030987809305308913
21 0.7708181623832718 0.2973733677391217 0.006078377979119931 0.014659617479053467
2 0.776404906849374 0.2960623450377431 0.005095110953085219 0.013944514187392227
6 0.7496332273678108 0.3190052423118712 0.0060783779791199356 0.014302065833222778
1 0.7574099756646255 0.3171578921417463 0.005899602156204326 0.01346777865961813
8 0.7647397844041519 0.3150721742077348 0.005720826333289042 0.01454043359710967
9 0.7748406183988658 0.312271352982062 0.005720826333289042 0.013944514187392225
5 0.7831536941644264 0.31060277863485264 0.005720826333289042 0.013944514187392225
37 0.7656783574744574 0.3066697105307165 0.04835886009858423 0.04755436889546605
6 0.9146787831856087 0.3398624154056742 0.007508584562442367 0.014659617479053106
10 0.9221426737923218 0.3383726168813802 0.007240420828069118 0.013825330305448342
0 0.9288467671516443 0.33688281835708594 0.004201231838508299 0.0032179648124750775
32 0.9350145330422225 0.3348566923640462 0.0070616450051544785 0.01465961747905309
3 0.9429253632062238 0.3334264857807239 0.008223687854103826 0.014182881951278951
3 0.9136061282481167 0.3575016299333157 0.008223687854103502 0.014659617479053217
8 0.921114712810558 0.35511795229444487 0.006614705447864479 0.015613088534601399
8 0.9294277885761199 0.35285345853751837 0.006793481270781067 0.015613088534601288
4 0.9414504626671725 0.35035059701670435 0.007776748296814965 0.014182881951278908
8 0.9493165988754448 0.3484436549056079 0.006882869182238382 0.015136353006827195
37 0.9309026891151707 0.3448681384473023 0.05586744466102621 0.048031104423239525
8 0.9744409328558998 0.24936624789530845 0.003829697357095571 0.009250476707962358
8 0.9785481445142348 0.24892222501332625 0.003829697357095571 0.009250476707962358
0 0.9827108590328167 0.24807118115619378 0.0027196401521380788 0.002664137291893143
34 0.9865960592501611 0.24762715827421147 0.003940703077591117 0.00902846526697123
2 0.9901759937361432 0.24714613348539738 0.003108160173873908 0.009250476707962361
1 0.9753289786198636 0.25909774939208474 0.003829697357095571 0.008732450012316437
1 0.9807127560638973 0.25824670553495227 0.003829697357095571 0.008806453825980236
7 0.985930024927188 0.2576546750256427 0.003829697357095571 0.008806453825980203
8 0.9911472937904794 0.25691463688900573 0.003829697357095571 0.009250476707962358
37 0.9830438761943047 0.2530294366716615 0.02991604167355022 0.026641372918931407
