8 0.395180095724472 0.37620964936951223 0.03955878482113188 0.11386163394240337
2 0.43734143217857324 0.37686028727775395 0.03123061959563036 0.11386163394240317
0 0.48496812706190956 0.37848688204835956 0.020299902737158496 0.022121688880239833
18 0.5294717599856839 0.3788122010024815 0.03955878482113188 0.11386163394240337
9 0.5747561583993481 0.3788122010024815 0.03955878482113188 0.11386163394240337
1 0.39882366801062824 0.5001561708896713 0.039558784821131794 0.10670461695173752
9 0.4555592936093575 0.5017827656602769 0.03955878482113183 0.10345142741052578
3 0.5154179811676503 0.5047106362473673 0.039558784821131864 0.10540334113525286
1 0.5731946274195667 0.5040599983391246 0.039558784821131836 0.10670461695173669
37 0.48574889255180104 0.4402974833313793 0.32479844379455886 0.29669088615849126
