4 0.27187636975774354 0.39251465805492886 0.03712639682742433 0.036005767872297804
1 0.3106311173232128 0.3929192172445052 0.03647505653220636 0.036005767872297804
11 0.35101421562672713 0.3963579703559043 0.03256701476089862 0.03721944544102686
0 0.3757651468450101 0.39797620711420933 0.015632167085231373 0.009709420549834522
1 0.40637814072025463 0.39858304589857463 0.036475056532206514 0.03600576787229782
5 0.44676123902376874 0.39939216427772706 0.03386969535133448 0.03681488625145066
2 0.4848646462940202 0.4006058418464559 0.024099590923065014 0.03600576787229777
9 0.5346921788781948 0.4002012826568798 0.033869695351334474 0.036005767872297804
1 0.5724699160008374 0.40020128265687993 0.03517237594177028 0.036005767872297804
37 0.4203819570674409 0.3943351744080226 0.3914555174260005 0.0712024173654428
