8 0.16998102638020604 0.6067101744783863 0.017167942434820026 0.018690905070166863
3 0.18687206651769028 0.6081119923586484 0.015506528650805212 0.018690905070166856
0 0.20099408368181593 0.608423507443151 0.008860873514744814 0.004049696098537005
13 0.21553145429194617 0.6096695677811624 0.01633723554281263 0.018690905070166856
2 0.23186868983475864 0.6104483554924193 0.011906798785439961 0.018067874901161508
4 0.15392069313472928 0.6270365337421926 0.01716794243482002 0.01822363244341268
1 0.17288850050223192 0.6278153214534495 0.015783430948140813 0.017912117358909397
3 0.1915794055723989 0.6292950181048369 0.016614137840148265 0.01869090507016682
3 0.21483919854860653 0.6305410784428482 0.01716794243481991 0.018067874901161265
7 0.23505306625412056 0.6308525935273515 0.01661413784014847 0.018690905070166856
37 0.19822506070845805 0.618625626460615 0.12515983839578393 0.05467089733023801
13 0.534485323877918 0.500951358212965 0.01078029570940572 0.012766139655875293
2 0.5469677715414406 0.5006322047215681 0.01078029570940572 0.012766139655875293
8 0.5197333402755736 0.51510049633156 0.01078029570940572 0.012766139655875293
8 0.5380787557810534 0.5147813428401631 0.01078029570940572 0.012766139655875293
4 0.5518850994088887 0.5150473040829937 0.01078029570940572 0.012446986164478414
37 0.5381733197785044 0.5077599660294317 0.06430351826663099 0.03617072902497981
7 0.647864428497268 0.4564919593433913 0.009382639827081221 0.009396942631695495
4 0.6579336029458426 0.45636323410186125 0.009382639827081221 0.009396942631695495
13 0.6776142620953298 0.45623450886033123 0.009382639827081221 0.009396942631695495
2 0.6882555487284826 0.4561057836188007 0.007780725710262714 0.009396942631695486
2 0.6415711944669088 0.46678997866579697 0.007323035962600114 0.009396942631695483
3 0.652670170847724 0.46666125342426723 0.009382639827081221 0.009396942631695495
10 0.6650277940346113 0.46678997866579736 0.009382639827081221 0.009396942631695495
6 0.6807036678920513 0.4663394403204418 0.011899933439224943 0.00978311835628576
5 0.6929468686420229 0.46666125342426734 0.009382639827081218 0.008882041665575133
37 0.6683460447051643 0.46183405686688944 0.07323035962599848 0.02574504830601498
37 0.8962488207720344 0.43683394390352676 0.058375367981690775 0.022902520946598594
