9 0.33736025492310306 0.44929672952771965 0.06119495728403372 0.19280602979901013
4 0.40945294432621115 0.45139244724292626 0.06287153145619917 0.19280602979901018
0 0.48447963853061105 0.45872745924615077 0.036884631787641314 0.04401007201933689
29 0.5603446198210891 0.45348816495813354 0.0695778281448607 0.1928060297990105
5 0.6357904575685279 0.45348816495813293 0.06287153145619924 0.19490174751421685
8 0.3407134032674344 0.6593924304771847 0.06119495728403383 0.17708814693496006
2 0.43627813108085645 0.6641077953364003 0.05448866059537301 0.19280602979901038
10 0.536034294324692 0.6693470896244161 0.06119495728403372 0.18861459436859718
9 0.6366287446546106 0.6751103133412344 0.06119495728403375 0.1875667355109937
37 0.4932816529344771 0.5603697684336724 0.5423717446954776 0.5134508402256263
