9 0.3530507029370628 0.44582156191641686 0.052652742596926885 0.13422985365992887
4 0.40847464251277543 0.4449555628605462 0.05265274259692689 0.13422985365992887
0 0.4593953869979606 0.45621355058686297 0.025633572053765607 0.02684597073198567
21 0.5137801277066294 0.45015155719576927 0.05265274259692689 0.14462184233037492
2 0.5744000616175647 0.45188355530751023 0.04226075392648129 0.14462184233037523
1 0.35512910067115205 0.5982373957496264 0.05265274259692689 0.13422985365992887
5 0.4244090251407927 0.6051653881965906 0.05265274259692689 0.13422985365992887
10 0.4957673473445226 0.6051653881965905 0.05265274259692689 0.13422985365992887
7 0.5657400710588597 0.611227381587684 0.05265274259692689 0.13422985365992887
37 0.46528418057788073 0.5280914722241152 0.38658197854059523 0.3715135949684484
