7 0.3886880791609472 0.5799825468355441 0.010320903809789214 0.010761430191914343
5 0.40077108849923704 0.5802657423669102 0.010320903809789218 0.010761430191914343
17 0.42518883653703077 0.5802657423669101 0.010320903809789218 0.010761430191914343
2 0.4385304926813924 0.5802657423669101 0.010320903809789218 0.010761430191914343
4 0.3813879276857305 0.5930803401612293 0.01032090380978921 0.01146941902032963
10 0.39498131319130636 0.5936467312239617 0.01032090380978921 0.0117526145516958
4 0.4093298867805256 0.5932219379269124 0.0113278212546467 0.011186223488963592
2 0.4261957539818882 0.593292736809754 0.01032090380978921 0.011327821254646547
6 0.44129951565475045 0.5935051334582786 0.011831279977075487 0.011186223488963722
37 0.41247650379570516 0.5866376418226487 0.09515369853903181 0.033133877169841376
