3 0.19040591393439843 0.3727276519578138 0.05085194626390487 0.04921393037240532
10 0.23830135169458783 0.37529852891756627 0.04257372245350195 0.044072176452900236
14 0.2856054877540341 0.377134869603104 0.048486739460932314 0.04480671272711541
0 0.3210835897986189 0.3795221124943029 0.018921654423778182 0.009916239701901954
1 0.35803994609506135 0.3804402828370712 0.044347627555731045 0.042603103904470106
6 0.4044571296033932 0.3811748191112865 0.04493892925647408 0.04480671272711553
7 0.4544221233161834 0.3831947938653776 0.04079981735127224 0.04443944459000765
9 0.5162131510438354 0.3857656708251303 0.042573722453501536 0.04370490831579284
6 0.5649955413551395 0.3901728884704201 0.04434762755573116 0.04370490831579279
37 0.37252683776326706 0.38117481911128637 0.4706761537914916 0.0830025989862957
