7 0.39486878202503656 0.5264054649016807 0.024845689475322667 0.08847489422919733
6 0.42425941469706463 0.5282234421803628 0.026663666754005094 0.08564692957346978
0 0.45380154547564866 0.5298394219836364 0.012422844737659316 0.020199747540911604
12 0.4821316914017795 0.5298394219836359 0.027269659180232327 0.08726290937674275
2 0.5145522862049443 0.5324653891639548 0.023027712196640893 0.08847489422919716
2 0.3760830168119879 0.6233642530980616 0.021815727344185527 0.08524293462265148
8 0.41123057753317604 0.6261922177537893 0.026663666754005097 0.08524293462265148
3 0.4486506098527169 0.6310401571636083 0.026966662967118454 0.08524293462265148
1 0.4974330001640206 0.6322521420160632 0.026360670540890908 0.0828189649177421
10 0.5357620211229025 0.6354841016226093 0.027269659180231772 0.0852429346226515
37 0.4561043166953132 0.5801367933605074 0.2233082090647896 0.23552905632704182
