4 0.3370881840495808 0.570239607431111 0.04264378290881647 0.0440928169222061
1 0.3820466604697161 0.5697843163520533 0.04068906654272404 0.04136107044785413
16 0.4240730623407119 0.5675078609567591 0.03873435017663062 0.04409281692220609
0 0.46023531511343035 0.5656866966405257 0.018209828332658863 0.008883640141645733
8 0.49419851197429204 0.5638655323242874 0.03824567108510804 0.0440928169222061
2 0.5384239697571426 0.5617408406220143 0.02407397743093638 0.044092816922206145
2 0.5809390507196617 0.5587055667616221 0.02602869379702898 0.044092816922206145
7 0.6368928066990681 0.5541526559710315 0.0392230292681544 0.042878707378049406
6 0.6779418503870178 0.5492962177944035 0.03922302926815329 0.044092816922206145
37 0.5048621267445245 0.5601110697484272 0.4114677950625412 0.08407708593287473
