8 0.3442057580733314 0.49113535221441623 0.055885805738843414 0.09811769303012867
8 0.403901959658005 0.48446715948421337 0.055885805738843414 0.09811769303012867
0 0.4686786890371163 0.47541746935036544 0.033023430663856594 0.02476757299789882
13 0.5258346267245724 0.4673203781779769 0.06096633353328294 0.09430729718429809
2 0.5868009602578566 0.4587469875248592 0.055885805738843414 0.09811769303012867
2 0.3410304282018057 0.6016368317434929 0.05715593768745284 0.08859170341555248
5 0.41533314719549536 0.5921108421289173 0.05842606963606288 0.09049690133846751
10 0.4839202724204396 0.5821085530336128 0.06096633353328291 0.08954430237700993
7 0.5760048386946702 0.5711536649768507 0.06477672937911252 0.09049690133846719
10 0.6484023597654445 0.5606750764008179 0.06223646548189242 0.09049690133846781
37 0.4788397446259974 0.5263815137883451 0.45978776539684657 0.2791114957070633
