4 0.3093379342615452 0.33796527088965983 0.04085357205134008 0.04307053607897073
1 0.352610467815925 0.3406363118868051 0.03816583704796247 0.04307053607897071
15 0.395883001370305 0.34197183238537804 0.04085357205134008 0.04307053607897073
0 0.4284045949111733 0.3444759333202013 0.015588863019587985 0.008013122991437485
5 0.4609261884520437 0.34414205319555863 0.03440300804323313 0.042736655954327275
4 0.50339240150541 0.34597839388109614 0.03655319604593532 0.04173501558039763
6 0.5458586145587768 0.3469800342550253 0.038703384048638205 0.04307053607897067
1 0.6001508616270054 0.34831555475359854 0.04085357205134008 0.04307053607897073
3 0.6420795276796966 0.34798167462895535 0.04085357205134008 0.04307053607897073
37 0.47543995747028306 0.34046937182448384 0.4171364725242091 0.07679242866793241
