4 0.23913701777043309 0.44217412169011355 0.04593583460318143 0.04188677927341779
1 0.28433983373632987 0.4458164503225847 0.04251508096251868 0.04127972450133927
16 0.3268549146988488 0.449458778955056 0.04056036459642633 0.04370794358965322
0 0.36521622338342113 0.4532528712805471 0.01954716366092981 0.00940934896721595
4 0.4013784761561378 0.45461874451772316 0.044958476420135236 0.04188677927341779
3 0.4487803480338888 0.45826107315019426 0.044958476420135195 0.04188677927341779
7 0.4956935408201169 0.45977871008039045 0.042026401870996474 0.04188677927341779
5 0.5575114458978032 0.46144811070360686 0.04153772277947436 0.043404416203614925
4 0.6066236945958848 0.4622069291687046 0.044958476420134896 0.04310088881757483
37 0.42092563981706577 0.449762306341095 0.4603357042148605 0.08680883240722799
