4 0.3594177003978764 0.47680080903670635 0.02936169625325177 0.034346497687551374
1 0.391960247078564 0.4771047603436758 0.03180850427435616 0.03434649768755138
11 0.42499215536347246 0.4783205655715536 0.02936169625325177 0.034346497687551374
0 0.45019427798084727 0.47847254122504007 0.014191486522405919 0.006686928753326094
7 0.47490703899400055 0.4777126629576148 0.02936169625325177 0.034346497687551374
9 0.5076942664767984 0.4780166142645843 0.02936169625325177 0.034346497687551374
3 0.5390134091469337 0.4786245168785232 0.02936169625325177 0.034346497687551374
6 0.5815878687141489 0.4777126629576148 0.02936169625325177 0.034346497687551374
2 0.6146197769990578 0.47771266295761483 0.02104254898149743 0.034346497687551374
37 0.4873857599016327 0.4764968577297368 0.31759568113934106 0.05319147871965917
