4 0.13756634067787757 0.40816989982051344 0.05918930024438236 0.04403544963918976
1 0.19805650466389468 0.40897788972215016 0.05788843650274763 0.04241946983591664
11 0.257245804908277 0.41261384427951453 0.05008325405293909 0.04403544963918976
0 0.2949708534156856 0.41301783923033336 0.022765115478609054 0.008483893967181551
6 0.33757414095422433 0.4142298240827872 0.058538868373564965 0.04403544963918976
9 0.3957877933923805 0.4164517963122881 0.052684981536208736 0.04039949508182656
4 0.45139971834726716 0.4178657786401518 0.054636277148660636 0.04403544963918979
8 0.5255489516204493 0.419885753394243 0.05073368592375616 0.044035449639189796
4 0.5837626040586059 0.4215017331975159 0.05268498153620813 0.044035449639189796
37 0.3564366652079286 0.414835816509014 0.563274000127858 0.07837502045874117
