7 0.19912960189446302 0.5998487138491382 0.02469331616951529 0.025084907937128646
3 0.2240071965428552 0.6002633404266108 0.022850531380745512 0.025084907937128607
0 0.24630489248696957 0.600781623648452 0.011425265690372288 0.005390145507152989
16 0.26786547451557646 0.600988936937189 0.02801032878930092 0.02570684780333854
2 0.2951386893893693 0.6015072201590309 0.02285053138074549 0.025084907937128646
3 0.17535767811933273 0.6287689176278934 0.027273214873793014 0.02570684780333832
3 0.2041051208241416 0.628457947694789 0.026536100958284955 0.025084907937128646
2 0.2346953483177201 0.6297018274272087 0.019902075718713864 0.025084907937128646
5 0.2676811960366993 0.6299091407159453 0.023956202254007318 0.02549953451460167
10 0.2982714235302779 0.6307383938708917 0.026167544000531208 0.025084907937128646
37 0.23930231028964458 0.6145679573494359 0.18685837758125706 0.06903532514928808
7 0.02338103072005723 0.34590684029293617 0.010075803293726331 0.011262616662458385
3 0.03378307043965928 0.34590684029293634 0.010075803293726331 0.011262616662458385
0 0.043712290172006736 0.34580045579580476 0.006104115400787456 0.0025390878976087054
2 0.06478224810004816 0.34612482642188647 0.007879794883555155 0.011262616662458374
9 0.015630412801806205 0.3581140635141816 0.010075803293726331 0.011262616662458385
4 0.028031401471007848 0.3583320496431325 0.010075803293726331 0.011262616662458385
8 0.04081992103612203 0.3579687394282143 0.010075803293726331 0.011262616662458385
5 0.05670868776853663 0.3582593876001488 0.010075803293726331 0.011262616662458385
3 0.07001391519486753 0.358404711686116 0.010075803293726331 0.011262616662458385
24 0.05386679453184459 0.346124826421887 0.010075803293726331 0.011262616662458385
37 0.04293205484272119 0.35221060800448817 0.07943375785877929 0.029787659197042196
