7 0.2393305439330544 0.34170153417015336 0.09037656903765696 0.2705718270571827
6 0.3397489539748954 0.34170153417015336 0.09037656903765696 0.2705718270571827
0 0.4457461645746165 0.35216178521617847 0.047977684797768615 0.05997210599721064
34 0.5506276150627615 0.33891213389121333 0.09037656903765696 0.2705718270571827
2 0.6577405857740586 0.3361227336122733 0.09037656903765696 0.2705718270571827
8 0.2393305439330544 0.6415620641562064 0.09037656903765696 0.2705718270571827
10 0.3799163179916317 0.6401673640167364 0.09037656903765696 0.2705718270571827
6 0.5182705718270572 0.6345885634588564 0.09037656903765696 0.2705718270571827
4 0.6555090655509066 0.6345885634588564 0.09037656903765696 0.2705718270571827
37 0.44128312412831233 0.49511854951185497 0.7352859135285912 0.6889818688981869
