6 0.34474022829317 0.6284291259187339 0.04114334021349298 0.06665916688501133
10 0.38371812954805784 0.623540787013833 0.0368124622962833 0.06665916688501133
0 0.42296671067277086 0.61420850364993 0.01894759088779136 0.013331833377004615
29 0.4619446119276595 0.6064316008466798 0.039519260994539174 0.06354840576371076
2 0.49848639435411707 0.5999878813811287 0.032481584379073745 0.0666591668850113
5 0.33689051206822723 0.7070869428430477 0.03735382203593445 0.06399280020961064
2 0.377492492542069 0.6990878428168464 0.03627110255663211 0.06665916688501133
1 0.4286509879391096 0.6893111650070448 0.04114334021349298 0.06665916688501133
8 0.4871178398214415 0.6790900927513429 0.04114334021349298 0.06665916688501133
7 0.5412538137865639 0.6693134149415411 0.04114334021349298 0.06665916688501133
37 0.43189914637701676 0.6533152148891379 0.30965777108049936 0.21953085627463817
