7 0.3274755927475593 0.3647140864714086 0.0658298465829846 0.1799163179916318
1 0.398884239888424 0.36610878661087864 0.0658298465829846 0.1799163179916318
0 0.4675034867503484 0.36680613668061357 0.0468619246861923 0.03905160390516077
31 0.5389121338912134 0.3647140864714086 0.06917712691771256 0.19107391910739216
2 0.610878661087866 0.36331938633193844 0.0546722454672244 0.18549511854951153
5 0.33417015341701534 0.5564853556485356 0.06582984658298459 0.17015341701534184
7 0.42343096234309613 0.5585774058577406 0.06582984658298459 0.16596931659693165
4 0.5171548117154812 0.5613668061366806 0.0658298465829846 0.16875871687587146
3 0.6086471408647139 0.5634588563458857 0.0658298465829846 0.17294281729428146
37 0.47364016736401665 0.4574616457461646 0.509902370990237 0.44909344490934444
