7 0.3458846178627297 0.5192889500298922 0.029522695086494702 0.08946271238331713
5 0.3797015231436237 0.5207203534280251 0.02844914253789483 0.0894627123833171
0 0.41244487587591705 0.5250145636224244 0.015566511954695933 0.019323945874796564
21 0.4451882286082117 0.5242988619233578 0.02844914253789483 0.0894627123833171
9 0.47954191016340536 0.5271616687196239 0.02844914253789483 0.0894627123833171
6 0.34588461786272995 0.618055784501074 0.03059624763509432 0.0894627123833171
8 0.38909510794387187 0.6223499946954731 0.030059471360794475 0.08946271238331707
8 0.4336475387107639 0.6252128014917395 0.02898591881219474 0.0894627123833171
3 0.47632125251760604 0.628791309987072 0.030596247635094567 0.0894627123833171
37 0.4124448758759173 0.5718930249112824 0.2442332048064553 0.23761296409008992
