10 0.300259192651423 0.40024178866839705 0.05944217519495193 0.16289442240924246
4 0.36579800119970324 0.39738399178402434 0.05944217519495193 0.16289442240924246
0 0.4294316118250686 0.3950024943803802 0.03886603762746957 0.03048316676664232
16 0.49382730161959854 0.38833430165017757 0.05944217519495188 0.17146781306236045
8 0.5578419518295473 0.3854765047658047 0.0594421751949519 0.16765741721653027
8 0.3071179051739172 0.5798066929031473 0.05944217519495188 0.15432103175612447
4 0.39323285128968094 0.5788540939416897 0.05639385851828789 0.15241583383320967
4 0.4793477974054444 0.5736147996536729 0.05639385851828781 0.15717882864049723
1 0.5639385851828758 0.5693281043271139 0.054869700179955655 0.15432103175612438
37 0.42752641390215274 0.4783549035079173 0.4724890848829495 0.4372429233090205
