4 0.36758919603788515 0.6566737218217766 0.03243052152835844 0.03283614448970163
1 0.4013524787249431 0.6572255897963936 0.03243052152835844 0.03283614448970163
11 0.43600426885113414 0.6599849296694776 0.03243052152835844 0.03283614448970163
0 0.4622152383055612 0.660260863656788 0.014660372745697692 0.008002085631940345
1 0.4897589689186867 0.6605367976440946 0.03243052152835844 0.03283614448970163
5 0.5248550127644442 0.6616405335933283 0.03243052152835844 0.03283614448970163
2 0.5610616909091186 0.6616405335933285 0.022212685978328275 0.0339398804389348
9 0.6052649360059902 0.6610886656187113 0.03243052152835844 0.03283614448970163
1 0.6412494872908807 0.6610886656187113 0.03243052152835844 0.03283614448970163
37 0.5039750879448164 0.656949655809085 0.3460736475423435 0.06098141119516022
