4 0.29080499189998915 0.23693288222184222 0.04162763973231282 0.05979125272110149
1 0.33568479098638915 0.2375388746480696 0.04162763973231284 0.057771277967010225
16 0.3792637263311539 0.23774087212347875 0.04162763973231282 0.05979125272110149
0 0.41633834296774574 0.23955884940216132 0.02081381986615776 0.01090786367209196
9 0.45146166399188403 0.23935685192675174 0.04162763973231282 0.05979125272110149
7 0.4956910312074664 0.24097283173002473 0.04162763973231282 0.05979125272110149
1 0.5399203984230486 0.24137682668084298 0.04162763973231282 0.05979125272110149
4 0.5971584030549789 0.24137682668084298 0.04162763973231282 0.05979125272110149
5 0.640412122464335 0.24339680143493442 0.03707461663659088 0.05817527291782858
37 0.4651207332790491 0.24036683930379737 0.4188781248063978 0.07877901540955935
