7 0.3514644351464436 0.39888423988842403 0.0578166603271206 0.16229237986560158
6 0.4163813870926845 0.40268796754152403 0.05781666032712059 0.1648281983010017
0 0.48180550272600564 0.4064916951946247 0.0324584759731215 0.03296563966019932
26 0.5462152909851655 0.40839355902117397 0.06187396982376072 0.16863192595410154
2 0.608596424496006 0.41092937745657415 0.04463040446304038 0.1686319259541015
9 0.35400025358184367 0.5757575757575761 0.060859642449600765 0.14834537847090185
7 0.4356536072017244 0.5833650310637758 0.057816660327120586 0.15088119690630164
2 0.5122353239508055 0.5833650310637759 0.044630404463040965 0.14834537847090148
2 0.5974388233802462 0.5884366679345758 0.04665905921135973 0.15341701534170166
37 0.48636997590972497 0.48636997590972486 0.4777481932293648 0.4209458602764042
