7 0.34082092303415407 0.5850815670208753 0.03069269203559116 0.09189858667966465
8 0.37474442475770225 0.5857995247293102 0.03069269203559116 0.09189858667966465
0 0.4081294581999245 0.588312376708832 0.01561558015845911 0.015077111877132959
23 0.44205295992347243 0.5886713555630497 0.03069269203559116 0.09189858667966465
3 0.47759186649099905 0.5915431863967893 0.03069269203559116 0.09189858667966465
3 0.3456671375660896 0.6863136039101937 0.03069269203559116 0.09189858667966465
6 0.3892830683535087 0.6877495193270634 0.03069269203559116 0.09189858667966465
3 0.4339759357035799 0.6913393078692378 0.03069269203559116 0.09189858667966465
7 0.4797457396163037 0.6927752232861074 0.03069269203559116 0.09189858667966465
37 0.40866792648125044 0.6374924797366216 0.25038775081666503 0.24266970545098993
