7 0.3506552023286855 0.45241029923324333 0.05410762101078956 0.1647996203321578
6 0.41581297129238254 0.4519339997525143 0.05486970017995573 0.1676574172165309
0 0.47982762150233055 0.4614599893670894 0.02743485008997784 0.03429356261247346
34 0.5457474696351937 0.45479179663688685 0.05868009602578565 0.1752782089081916
4 0.615096674029304 0.4538391976754292 0.05868009602578558 0.1752782089081918
6 0.34760688565202147 0.6462641878898567 0.05410762101078927 0.16575221929361553
6 0.434864950521534 0.6505508832164157 0.05791801685661961 0.16670481825507324
6 0.614715634444721 0.6586479743888048 0.057918016856620194 0.17527820890819146
1 0.5216178521617852 0.6548117154811715 0.05690376569037659 0.1659693165969315
37 0.4887029288702928 0.5592747559274756 0.4775453277545325 0.4686192468619247
