7 0.06911538700181062 0.505057268125268 0.01279330304793566 0.028847644127698094
0 0.09319689862145403 0.4990368902203565 0.006396651523967287 0.0062712269842831935
11 0.10608427007415411 0.49665382396632934 0.01147634538123636 0.030603587683296848
11 0.11859536790779701 0.4940199086329311 0.012793303047935644 0.03085443676266852
7 0.06666960847794055 0.5420575073325328 0.013545850286049526 0.029098493207069354
4 0.08190869004974634 0.5376676484435352 0.01316957666699259 0.028847644127698076
3 0.09724184002631625 0.5346574594910798 0.014110260714634847 0.03035273860392568
6 0.11549111055057747 0.5283862325067976 0.013357713476521016 0.029851040445183073
9 0.1305420553128548 0.5256268926337133 0.01222889261935026 0.028847644127698083
1 0.08209682685927479 0.5020470791728124 0.01279330304793566 0.028847644127698094
37 0.09517233512150317 0.5162200521572907 0.09914809862150159 0.09833283911354468
8 0.5415236176701544 0.45274916905225515 0.008206234147542091 0.022655642509292438
0 0.5567292868258928 0.4465703574588097 0.0036686693836039124 0.005149009661206255
24 0.5627632825226168 0.44348095166208856 0.0082062341475427 0.022655642509292407
6 0.5712108764980254 0.43974791965771637 0.007723514491804628 0.02111093961093285
5 0.5493919480586784 0.47675642659761375 0.008109690216394603 0.02020986292022006
3 0.5583705336554025 0.4730233945932411 0.009075129527870528 0.021754565818581536
8 0.5666733117340929 0.4675525718282143 0.007530426629509371 0.02265564250929247
4 0.5763277048488464 0.46375517720307585 0.008688953803280034 0.020467313403280313
10 0.5502608434390077 0.4497884884970631 0.009075129527869284 0.021110939610930423
37 0.5596738767258962 0.45931415637029027 0.060919220554108124 0.07543299153662417
6 0.6854085369590531 0.44014644259236396 0.008410907281575671 0.020404238034931875
1 0.6938194442406282 0.43765432191634174 0.008410907281575671 0.020404238034931875
0 0.7007701245635984 0.43664189789170577 0.004789544424234408 0.004984241352047764
11 0.7073703504164994 0.43469492861356396 0.007242725714690538 0.020404238034931823
13 0.7151971669146322 0.4318134140819132 0.008177270968198659 0.01837938998566419
5 0.6889130816597095 0.4633543163878213 0.008410907281575671 0.020404238034931875
1 0.6969735344712195 0.46132946833855265 0.007709998341444727 0.020404238034931865
7 0.7053844417527955 0.45899310520478154 0.008878179908330036 0.019469692781422934
7 0.7151971669146328 0.4551770454196231 0.00841090728157567 0.019002420154669717
3 0.7243089831363385 0.4533858336837314 0.009345452535084436 0.02040423803493184
37 0.7040994420292194 0.44731128953592864 0.06261453198505988 0.06526241020333226
5 0.8747581003039927 0.4767900470195049 0.0056171014485846375 0.018840694442128988
0 0.8857728851758252 0.4732208471407158 0.0030718523546901886 0.004212826086439509
11 0.8912583358092112 0.47093889967722874 0.0056171014485846375 0.020010923910584167
14 0.8971826224932653 0.46889099810743207 0.006231471919522197 0.019425809176356633
2 0.8735293593621148 0.5000776134417639 0.0056171014485846375 0.018840694442128988
10 0.8806823869880473 0.49726906271747123 0.006933609600596608 0.018840694442128957
4 0.8880109490342482 0.4945775349400243 0.00649477354992574 0.018840694442128984
9 0.8970070880729978 0.4913008924283497 0.0065825407600602045 0.018840694442128977
7 0.9044234173293324 0.4886093646509027 0.006319239129657455 0.018840694442128977
10 0.8803752017525778 0.4746836339762855 0.0056171014485846375 0.018840694442128988
37 0.8876598801937119 0.48375291235681367 0.04932517209538798 0.06483071255241997
8 0.6328763689888446 0.28356857330633933 0.004508349485119198 0.012088321696363096
0 0.6415958141468779 0.2813226556141178 0.0023284881956131495 0.0028404253166339826
17 0.6453858002524991 0.280662091586995 0.004557891787153381 0.012088321696363086
2 0.6497207516804986 0.27894462511647317 0.004112011068844729 0.01182409608551422
6 0.6385737337227864 0.2965156282379627 0.005400110921736327 0.012088321696363081
3 0.6438499888894375 0.2952605565864269 0.00495423020342956 0.012088321696363062
3 0.6500675477947384 0.29301463889420715 0.005003772505462388 0.011031419252965812
1 0.6548731510920628 0.29192470824945344 0.00470651869325638 0.011361701266526816
7 0.637731514588204 0.28218138884937927 0.005003772505462667 0.012088321696363086
37 0.6443949542118135 0.2873337882609442 0.031508904093799375 0.03613285228366458
5 0.5199621702026103 0.2628154245541361 0.00465697639122205 0.012352547307210771
0 0.5289293268708175 0.2601071120429292 0.002179861289505968 0.002576199705782884
12 0.5326202283723717 0.25858781478054493 0.004904687901394536 0.012748885723486593
3 0.5378221700859711 0.2572006303235855 0.00520194171359947 0.012220434501787603
9 0.5204823643739744 0.27691846653322705 0.005400110921735466 0.011758039682800417
7 0.525981559899779 0.2751349436599931 0.005499195525804202 0.011758039682800267
10 0.5314064419725315 0.2734835335921837 0.005251484015632281 0.011890152488224804
1 0.5379955681430908 0.2711055030945388 0.005152399411565104 0.011229588461101957
3 0.5434204502158434 0.2695201494294416 0.005697364733942755 0.012286490904500427
8 0.523975096667387 0.2598098582307227 0.0034679611423999927 0.009908460406853972
37 0.5300100426473968 0.26662745848544694 0.03573991577213031 0.03947656133256263
35 0.695827355615942 0.19392934583583274 0.00269757834576662 0.00647418802983907
3 0.698734745610823 0.19328991985757704 0.0029973092730737677 0.006474188029839072
3 0.689203302122449 0.2029612377786946 0.0028774169021507133 0.00647418802983907
6 0.6921406652100611 0.20224188355315692 0.0028774169021507133 0.00647418802983907
10 0.6950780282976732 0.20160245757490133 0.0027575245312277674 0.006154475040711326
6 0.6889335442878728 0.1954479825341901 0.00269757834576662 0.00647418802983907
10 0.6917510150045619 0.19480855655593438 0.00269757834576662 0.00647418802983907
37 0.693849131495713 0.19748615283988002 0.018403478936672144 0.020781344293310546
7 0.8283173616296976 0.22154023152595959 0.0027035729643121883 0.0065061593287518696
4 0.8307908011880233 0.22111469353743055 0.0022248427272168673 0.006293390334487304
0 0.8325860395771311 0.22042319430607066 0.0013471706258761738 0.0017188569577983612
2 0.8290427104737813 0.2286618383587828 0.0023079281402663483 0.006506159328751868
8 0.8314165794180555 0.22811584850159985 0.002307928140266229 0.00636724403497612
1 0.8342850043923873 0.22734302227863037 0.0030332769843504095 0.006154475040711509
4 0.837384222180745 0.22637589048651863 0.0029013953763350475 0.00580279075267075
1 0.8402526471550766 0.2258483640544576 0.0025716913562969486 0.0065061593287518696
37 0.8337468596432582 0.22348294754603726 0.019787516466606578 0.019893900963738935
7 0.7718741711549363 0.2118490278329223 0.002833819676360515 0.006030949567639035
1 0.7685226344223177 0.21268464132723366 0.0027793231441227144 0.006394259782557017
8 0.7656070699476004 0.21391989605795506 0.002288854353983198 0.0066849079544915
5 0.7632364707952604 0.21439219933734832 0.002452343950696704 0.006176273653606305
15 0.7689586066802191 0.20549109907185703 0.0027793231441227135 0.006248935696589907
2 0.7718469228888174 0.20472814762052902 0.002670330079647414 0.006176273653606305
9 0.7650348563591044 0.20661736073810266 0.002670330079647414 0.006176273653606305
37 0.7679598623580306 0.20926404295586104 0.018271537382470667 0.020106669958003497
37 0.5189753131981546 0.12994352627085062 0.014543818229456993 0.014947813180275427
7 0.30228643894577234 0.15040438936470085 0.003475581521311966 0.007980964974864686
0 0.30870661036708447 0.14911713694940004 0.0018343346918028366 0.002317054347541578
12 0.3116994722326591 0.14821606025868955 0.0035721254524595223 0.007980964974864684
2 0.31551295751298764 0.1475724340510392 0.003475581521311966 0.007980964974864686
5 0.3027691586015101 0.15986569461716138 0.0034755815213119655 0.008109690216394759
7 0.3065343719162648 0.15877153006415579 0.003475581521311966 0.007980964974864686
10 0.31054094505888835 0.15838535433956558 0.003765213314754767 0.00849586594098496
7 0.3152715976851186 0.15709810192426477 0.003572125452459389 0.00798096497486468
2 0.31937471475888973 0.15587521212972905 0.003475581521311965 0.008367140699454916
1 0.3059551083293795 0.14988948839858054 0.003475581521311966 0.007980964974864686
37 0.3100582254031503 0.15368688302371789 0.02751502037705357 0.026388674513665427
7 0.2542420931551565 0.11243464729289626 0.0028734535179877683 0.007530429909209755
2 0.25706600437111005 0.11203830887662206 0.0025761997057821627 0.007530429909209755
0 0.2594440348687545 0.1115428858562793 0.0014862690610264835 0.001651410067809122
16 0.2616982096113146 0.11088232182915564 0.0027248266118848515 0.007332260701072651
2 0.26454689197828546 0.11058506801694998 0.0026752843098507566 0.0072662042983602845
5 0.25439072006125923 0.12075775403465445 0.0028734535179877683 0.007530429909209755
4 0.25733848703229845 0.12009719000753075 0.003022080424090545 0.0071340914929355174
8 0.26011285594621797 0.11963479518854418 0.002526657403747663 0.007530429909209746
7 0.2646459765823539 0.11880909015463968 0.0028734535179877644 0.0069359222847984354
9 0.2678166839125476 0.11831366713429689 0.002972538122056088 0.007001978687510754
37 0.2602862540033381 0.11527507260952799 0.02229403591542369 0.02179861289508096
8 0.20879047554042932 0.1467259284480806 0.003433281530975201 0.008719445158032442
13 0.21968978198796982 0.14472772226603156 0.003433281530975201 0.008210810857147187
2 0.22312306351894504 0.1441464259221628 0.0034332815309752003 0.00777483859924552
10 0.20925369606444966 0.1563899801648999 0.00403274338558968 0.008283472900130918
6 0.21353167384510935 0.15540904258462127 0.004087239917827455 0.00821081085714725
1 0.21783689989188784 0.15460976011180164 0.003978246853352002 0.007920162685212869
2 0.2227960843255188 0.1534108364025722 0.003215295402024417 0.008283472900130824
2 0.226992317307822 0.1530475261876541 0.003215295402024391 0.00871944515803244
8 0.21265972932930619 0.14599930801824457 0.003433281530975201 0.008719445158032442
0 0.2164199900537075 0.14545434269586777 0.0019073786283191397 0.0021071992465241424
37 0.21731918283562984 0.1498503962963756 0.028774169021506965 0.02572236321619563
37 0.3843559711684247 0.10471915238150337 0.015718309451296472 0.014787445101388897
37 0.3487703568776724 0.08684655686327801 0.011888467554533988 0.012446986164478395
8 0.3251747830076422 0.09813224669692193 0.002031234383405331 0.005350568619701684
11 0.3313180284598923 0.09714140065623644 0.002031234383405331 0.005350568619701684
11 0.3333988051453317 0.09704231605216786 0.0020312343834053303 0.005020286606139853
2 0.3254720368198478 0.10378006912882926 0.002031234383405329 0.004888173800715149
10 0.3278996096195275 0.10328464610848645 0.002328488195611071 0.005350568619701678
4 0.3302528689661554 0.1029213358935685 0.0022789458935767925 0.004888173800715038
3 0.333076780182109 0.10235985647051331 0.002278945893576613 0.00495423020342748
8 0.33508324341449713 0.10222774366508862 0.0017339805711997238 0.005086343008852121
8 0.3273546442971503 0.09786802108607244 0.002031234383405331 0.005350568619701684
37 0.33000515745598397 0.10037816438914245 0.01634895967131068 0.014598464999433024
