3 0.13072444782874945 0.3844199923816506 0.04155479136278128 0.0709786808991607
10 0.17271210160155984 0.39517433797243257 0.038957616902607406 0.06667694266284786
14 0.2168640674245149 0.4059286835632146 0.045883415463070926 0.07635585369455135
0 0.27400190554833925 0.4220602019493878 0.025106019781680478 0.016131518386171936
1 0.32681111957187364 0.43872943761509914 0.04934631474330284 0.07097868089916068
8 0.3787546087753503 0.44894606592634206 0.049346314743302665 0.07097868089916068
9 0.4315638227988849 0.46400214975343673 0.05454066366365044 0.07097868089916068
9 0.5077476069639844 0.48524198229523163 0.05973501258399787 0.06936552906054354
2 0.557093921707287 0.49734062108486077 0.03376326798225943 0.07097868089916072
37 0.34758851525326434 0.4365785684969427 0.5272264154152876 0.22691669196549819
