7 0.3432614845613792 0.47275830295783683 0.052820884516205396 0.1359940683439617
5 0.40081259754172244 0.47275830295783683 0.05282088451620539 0.1359940683439617
0 0.4567869677006853 0.47571469574792247 0.029169742195514523 0.02365114232068969
18 0.5143380806810294 0.47325103508951744 0.05597437015896403 0.13895046113404752
5 0.5742543078934415 0.47472923148456103 0.05282088451620539 0.1359940683439617
5 0.35587542713241294 0.6230416031205479 0.049667398873446726 0.12515396144697907
9 0.42682885409448024 0.624519799515591 0.05282088451620536 0.12416849718361704
1 0.4993590238779263 0.6274761923056772 0.049667398873446435 0.12416849718361679
8 0.5750426793041311 0.6304325850957633 0.05282088451620539 0.1300812827637896
37 0.4607288247541345 0.5437117299199039 0.420201961897574 0.36067992039050706
