7 0.38511309298563967 0.46285198286587453 0.05290466959499869 0.1519434707118259
7 0.44557557252278057 0.46285198286587453 0.05290466959499869 0.1519434707118259
0 0.5079275045454544 0.4632456188003593 0.028971604778208523 0.025192699807145894
12 0.5690198015777767 0.46285198286587453 0.05290466959499869 0.1519434707118259
2 0.6269630111342026 0.462064710996901 0.04156795468178645 0.158241645663612
1 0.35236258323635444 0.6344772503020292 0.05542393957571266 0.14407075202209305
7 0.42353196019153055 0.636445429974462 0.0529046695949985 0.14485802389106658
10 0.4984802421177789 0.6376263377779227 0.05290466959499869 0.1519434707118259
10 0.5916932314042043 0.6376263377779224 0.05290466959499866 0.14879438323593286
10 0.6679011483208085 0.6388072455813818 0.05290466959499859 0.14800711136695907
37 0.5088722307882247 0.5506327962563844 0.4452809690912346 0.41253045934194915
