7 0.34492617691458355 0.4615575355007435 0.05486970017995532 0.16194182344778518
8 0.40817874795536563 0.4634627334236586 0.05639385851828751 0.16765741721653066
0 0.4721933981653137 0.47632281940333543 0.03200732510497408 0.035246161573930034
15 0.5365890879598445 0.47108352511531904 0.06020425436411797 0.16956261513944562
2 0.6063193319385384 0.4748939209611489 0.050297225164958756 0.1619418234477851
4 0.3434020185762513 0.6435039371391374 0.05486970017995532 0.15432103175612485
3 0.42646864801535067 0.6496958303886115 0.059442175194951694 0.1552736307175823
1 0.5091542378698668 0.6544588251958993 0.06020425436411783 0.1533684327946667
1 0.5945071048164643 0.659221820003187 0.05868009602578563 0.1533684327946669
37 0.47447963567281165 0.5544359342428556 0.46181997651462503 0.4391481212319349
