6 0.24646756035966194 0.21509596485635066 0.008014843529100577 0.009049727171594312
1 0.25461451669418705 0.21502990845363834 0.007574467511018121 0.008785501560744818
18 0.2630256986395619 0.2152280776617754 0.008014843529100577 0.009049727171594312
6 0.23774811520162956 0.2250044252632057 0.008014843529100575 0.00891761436616961
5 0.24602718434157944 0.2250704816659181 0.007310241900168578 0.008785501560744933
7 0.25404202787068003 0.2251365380686304 0.008014843529100575 0.008917614366169576
9 0.2654037291372071 0.22513653806863038 0.007310241900168818 0.008785501560744835
6 0.2734185726663076 0.22520259447134275 0.007838693121867527 0.009049727171594312
37 0.25479066710142023 0.21975294124757247 0.0595388376447465 0.02351607936560253
6 0.09060495635833457 0.09719509760556405 0.013152992372719916 0.016054387749054988
1 0.10343557146701725 0.09772702009122548 0.011992434222185827 0.015764248211421507
18 0.11665303929254459 0.09796880303925314 0.014700403240098725 0.01624781410747735
0 0.12742043991138874 0.09970964026505437 0.006576496186359646 0.0038685271684475555
6 0.13702728237969905 0.09927443095860435 0.01212138512780067 0.01576424821142151
5 0.14953552022434446 0.09966128367544894 0.011347679694111214 0.015570821852998821
7 0.1612700526353005 0.10043498910913842 0.011863483316570868 0.015764248211421507
9 0.17887185125173455 0.10111198136361663 0.011476630599726124 0.0157642482114215
6 0.19060638366269056 0.10130540772203905 0.011734532410956022 0.015764248211421507
6 0.42625215024248553 0.3545168240677492 0.008768661581813079 0.01276613965587537
0 0.44301576797242087 0.35509710314301546 0.00438433079090277 0.002707969017914514
17 0.45107519957335435 0.3550003899638051 0.008381808864968674 0.012572713297452931
2 0.4594570084383225 0.3551938163222269 0.00631859437513102 0.012572713297452904
3 0.41806376773593906 0.36912051412863645 0.009155514298658376 0.01276613965587527
7 0.4288956438075912 0.36902380094942566 0.008381808864968674 0.012572713297452931
10 0.4390827653511682 0.3692655838974534 0.008381808864968497 0.012282573759819313
1 0.4524936595351181 0.36960408002469264 0.008381808864968674 0.012572713297452931
10 0.46248735472027264 0.36960408002469236 0.008510759770583336 0.012572713297452832
10 0.4349563363714916 0.35480696360538266 0.008381808864968674 0.012572713297452931
37 0.4414038816522357 0.36230223499424824 0.06537810914675359 0.03413975226154495
8 0.6723725832104479 0.2542042669112619 0.004163555080052106 0.006365435170464408
2 0.6765361382905003 0.25414421563606887 0.0036831448785071778 0.006365435170464415
13 0.6856639321198454 0.2537238567097174 0.0041635550800521075 0.006125230069692169
3 0.690147760667594 0.25369383107212085 0.0041635550800521075 0.006185281344885176
5 0.6707311816885044 0.26123026610885003 0.003603076511583979 0.006365435170464416
2 0.6756153520708736 0.26108013792086743 0.003122666310040081 0.00618528134488519
6 0.681180103572097 0.260659778994516 0.004163555080052107 0.00618528134488523
8 0.6877056754764098 0.26068980463211244 0.003923349979279719 0.006365435170464413
2 0.692910119326475 0.26050965080653327 0.0034429397777349345 0.006365435170464419
37 0.6817005479571033 0.2570867281205288 0.03322837227349371 0.01801538255791823
