7 0.45986048078924746 0.5597869437109901 0.038284920959084555 0.058429021812556846
3 0.49925833549714305 0.5571159027138444 0.04051078845670599 0.05976454231112965
0 0.5339818684600316 0.5522746409065162 0.017361766481439472 0.010016403739299105
21 0.5695957484219735 0.5486019595354428 0.04318182945385051 0.061433942934344433
2 0.6118872308767763 0.5432598775411515 0.03694940046051155 0.060098422435773215
6 0.4467278625532821 0.6290670695744506 0.041401135455754 0.058762901937199616
6 0.4945840137521382 0.6248935680164108 0.0418463089552779 0.060432302560415166
2 0.5426627517007571 0.6205531263960485 0.03205249196574437 0.058429021812556776
3 0.6027611741365304 0.6152110444017582 0.04006561495718144 0.0584290218125568
7 0.6497269783363383 0.6098689624074676 0.039620441457657286 0.058429021812556804
37 0.5417263069858318 0.5847625626368176 0.30568412618646607 0.1813573733718204
